-1.707477867603302002e-01
-1.837656944990158081e-01
-9.237967431545257568e-02
-1.953604817390441895e-02
-3.535074368119239807e-02
5.039303097873926163e-03
-1.830857992172241211e-01
-4.520375654101371765e-02
-1.684834249317646027e-02
-2.637853147462010384e-03
-1.427619438618421555e-02
-2.346492186188697815e-02
-4.882837831974029541e-02
-3.058477863669395447e-02
-1.240082830190658569e-01
-2.066467702388763428e-02
-4.645334091037511826e-03
-1.994911581277847290e-02
-7.551171630620956421e-02
-2.499785460531711578e-02
-1.389817744493484497e-01
-8.261144906282424927e-02
-4.583173245191574097e-02
-5.129497125744819641e-02
-2.143737673759460449e-02
-2.275951206684112549e-02
-1.014786027371883392e-02
-3.326414898037910461e-02
-7.522444427013397217e-02
3.586950013414025307e-03
-8.965420536696910858e-03
-2.598865330219268799e-01
-9.338744916021823883e-03
-2.237395197153091431e-02
-4.199480637907981873e-02
-1.253512967377901077e-02
-1.797546297311782837e-01
-9.232701361179351807e-02
1.293475180864334106e-02
-2.962229587137699127e-02
-7.964292913675308228e-02
5.632588174194097519e-03
-4.370383918285369873e-02
-9.639558941125869751e-02
-9.180451929569244385e-02
-5.526778753846883774e-03
-1.322086434811353683e-02
-2.085664309561252594e-02
-6.950572133064270020e-02
-1.434647291898727417e-01
-1.433040946722030640e-01
5.863903090357780457e-03
-2.722428552806377411e-02
-2.787438035011291504e-02
-3.360024467110633850e-02
-1.239128187298774719e-01
-1.055334359407424927e-01
-1.949223279953002930e-01
-1.720073074102401733e-01
-2.164619229733943939e-02
-2.016288787126541138e-02
6.224447395652532578e-03
-3.423786535859107971e-02
-1.270567625761032104e-01
-1.539756427519023418e-03
-4.068227484822273254e-02
-7.377206813544034958e-03
-1.314511746168136597e-01
-9.507695212960243225e-03
-1.684566587209701538e-01
-2.378654479980468750e-02
-2.780927717685699463e-02
-1.760699599981307983e-02
-9.824053198099136353e-02
-7.735963165760040283e-02
-1.851134188473224640e-02
-1.066671162843704224e-01
-2.427427656948566437e-02
-2.815699204802513123e-02
-1.537611037492752075e-01
-3.945145010948181152e-02
-6.439973134547472000e-03
-3.205318376421928406e-02
-2.818213403224945068e-02
-1.523028779774904251e-02
-1.261665392667055130e-02
-3.604329749941825867e-02
-5.485630407929420471e-02
-2.944970875978469849e-02
-1.326649785041809082e-01
-1.127586066722869873e-01
-3.271890431642532349e-02
-1.242817938327789307e-02
-1.045056805014610291e-02
-1.617967523634433746e-02
-1.526868529617786407e-02
-6.052440032362937927e-03
-1.549490913748741150e-02
-4.161114245653152466e-02
-1.360338777303695679e-01
-8.550427109003067017e-02
-9.808105230331420898e-02
-1.034998521208763123e-01
-6.277763098478317261e-02
-3.238064423203468323e-02
-1.441341787576675415e-01
-1.509068813174962997e-02
-2.440168987959623337e-03
4.172535147517919540e-03
-4.074187017977237701e-03
-5.537074059247970581e-02
-8.306778967380523682e-03
-1.185014173388481140e-01
-3.128729388117790222e-02
-1.006197277456521988e-02
-2.945460611954331398e-03
-2.641422674059867859e-02
-2.700808644294738770e-02
-2.429029904305934906e-02
-1.385042220354080200e-01
-1.468404233455657959e-01
-2.349429577589035034e-02
-1.610288023948669434e-01
-2.949694544076919556e-02
-2.346039935946464539e-02
-3.452548012137413025e-02
6.473429966717958450e-03
-3.588214516639709473e-02
-3.662944957613945007e-02
-1.510462909936904907e-02
-3.032930381596088409e-02
-4.576155915856361389e-03
-4.367327690124511719e-02
-4.162725061178207397e-02
-1.648203842341899872e-02
-1.597136706113815308e-01
-5.800701677799224854e-02
-3.899053484201431274e-02
-1.396269798278808594e-01
-1.435712426900863647e-01
-2.007617987692356110e-02
-1.119783893227577209e-02
-1.456638276576995850e-01
-1.696169823408126831e-01
-2.971021085977554321e-02
-1.691923849284648895e-02
-2.006339468061923981e-02
-4.927019122987985611e-03
-4.207802191376686096e-02
-1.043882444500923157e-01
-8.643315732479095459e-02
-1.446348242461681366e-02
-1.924362778663635254e-02
-2.012633718550205231e-02
-3.447595238685607910e-02
-1.368762180209159851e-02
-1.315635293722152710e-01
-1.160830911248922348e-02
-7.960944436490535736e-03
-2.517086640000343323e-02
-8.288304321467876434e-03
-2.125735953450202942e-02
-9.918311238288879395e-02
1.013098750263452530e-03
-3.562872298061847687e-03
-1.302111707627773285e-02
-7.840298861265182495e-02
-1.474112868309020996e-01
-2.451679110527038574e-02
-3.184408694505691528e-02
-1.006630994379520416e-02
-4.391251876950263977e-02
2.431258035358041525e-04
-2.054370567202568054e-02
-3.212242200970649719e-02
-1.056157052516937256e-02
-1.635775901377201080e-02
-2.244405448436737061e-02
-4.129179753363132477e-03
-9.000764228403568268e-03
-7.912243716418743134e-03
-2.250884100794792175e-02
-2.278429642319679260e-02
-4.222794249653816223e-02
-4.516229033470153809e-02
-3.264063969254493713e-02
-7.483080029487609863e-02
-2.446281164884567261e-02
-1.874669268727302551e-02
-1.360679864883422852e-01
-3.595695272088050842e-02
-2.929442003369331360e-02
-1.212075278162956238e-01
1.253539323806762695e-02
-1.969996280968189240e-02
-1.763790994882583618e-01
-3.626013873144984245e-03
-1.524423211812973022e-01
-2.957218326628208160e-02
-3.471489250659942627e-02
-1.773971319198608398e-02
-1.823192834854125977e-01
-6.514319218695163727e-03
-2.457155473530292511e-02
-8.466315455734729767e-03
-7.188031822443008423e-02
-2.474929578602313995e-02
-1.059204041957855225e-01
-1.507120206952095032e-02
-3.015789948403835297e-02
-1.056235805153846741e-01
-2.072803862392902374e-02
-2.271431870758533478e-02
-4.485847800970077515e-02
-8.659072220325469971e-03
-2.085086517035961151e-02
-1.638966053724288940e-01
-2.300629019737243652e-02
-5.068546906113624573e-02
-1.055824197828769684e-02
-2.953024022281169891e-02
-9.981261566281318665e-03
-2.149764448404312134e-02
-4.271469544619321823e-03
-7.741206139326095581e-02
-4.925335198640823364e-02
-2.615706622600555420e-02
-1.547132581472396851e-01
-3.978409618139266968e-02
-2.389525808393955231e-02
-1.823485195636749268e-01
-1.963765174150466919e-02
-3.452324122190475464e-02
-1.364768594503402710e-01
-1.350689213722944260e-02
-8.535282686352729797e-03
-9.699580818414688110e-02
-1.976539753377437592e-02
-6.887072697281837463e-03
-1.050432398915290833e-01
-2.112221438437700272e-03
-1.783496350981295109e-03
-1.339972857385873795e-02
-1.136182844638824463e-01
-2.503108792006969452e-02
2.280876738950610161e-03
-2.719412185251712799e-02
-2.820713631808757782e-02
-9.975975379347801208e-03
3.399803536012768745e-04
-2.225223332643508911e-01
-6.455840170383453369e-02
-5.354004353284835815e-02
-1.033995579928159714e-02
-1.175145730376243591e-01
-1.151960641145706177e-01
