-7.782096415758132935e-02
-2.727601444348692894e-03
-9.145534783601760864e-02
-6.028711795806884766e-02
-3.627381846308708191e-02
-4.419176653027534485e-02
-4.334796592593193054e-02
-4.676748812198638916e-02
-3.666164726018905640e-02
-1.233373489230871201e-02
-1.780099794268608093e-02
2.661406062543392181e-03
-2.953025884926319122e-02
7.328464183956384659e-03
-1.964294537901878357e-02
-4.994966089725494385e-02
1.409114524722099304e-02
-2.581729739904403687e-02
8.579016663134098053e-03
5.491333082318305969e-03
-2.719580195844173431e-02
-2.669292315840721130e-02
-1.026856154203414917e-02
-3.683691099286079407e-02
-6.899952143430709839e-02
-2.705483511090278625e-02
-7.777366787195205688e-02
3.020543418824672699e-02
-5.286827310919761658e-02
-6.272321939468383789e-02
-4.089441522955894470e-02
-2.639929950237274170e-02
-2.415478928014636040e-03
2.001090347766876221e-02
-3.578779846429824829e-02
-7.596818357706069946e-02
-4.163600131869316101e-02
-1.448357384651899338e-02
-4.528776928782463074e-02
-3.238400444388389587e-02
-7.657017558813095093e-02
-3.566240891814231873e-02
-3.600282594561576843e-02
-1.114838123321533203e-01
-6.354967504739761353e-02
-4.853470250964164734e-02
-6.695727352052927017e-03
-1.346948835998773575e-02
-3.296228125691413879e-02
-7.592751830816268921e-02
-2.564924034231808037e-05
8.825398981571197510e-03
-2.052642591297626495e-02
-5.176476016640663147e-02
-4.275830462574958801e-02
-2.300831675529479980e-02
-6.135972589254379272e-02
-1.588399522006511688e-02
2.382553368806838989e-02
-3.543883934617042542e-02
-7.469478994607925415e-02
-7.918366231024265289e-03
-2.796275541186332703e-02
-5.077438428997993469e-02
-1.149074733257293701e-02
1.263353601098060608e-02
-6.922860443592071533e-02
-1.123582292348146439e-02
-9.545546025037765503e-02
-1.734027825295925140e-02
-3.458987921476364136e-02
-1.710895635187625885e-02
-8.203085511922836304e-03
-1.376600470393896103e-02
-2.509047836065292358e-02
-4.524438083171844482e-02
-1.023512333631515503e-01
-4.252035915851593018e-02
-5.565819516777992249e-02
-3.999384492635726929e-02
-3.118987381458282471e-02
4.865521937608718872e-02
-3.228041157126426697e-02
-4.517560824751853943e-02
5.065865814685821533e-02
-5.148620530962944031e-02
-3.975232318043708801e-02
-3.869389370083808899e-02
-4.273593798279762268e-02
-6.024392787367105484e-03
-2.994728274643421173e-02
4.086331278085708618e-02
-2.105424925684928894e-02
-5.432314053177833557e-02
-1.191898658871650696e-01
-5.782886222004890442e-02
-6.735877692699432373e-02
-2.010115981101989746e-02
1.409474294632673264e-02
-4.515323042869567871e-02
-5.705903470516204834e-02
-5.756282433867454529e-02
-2.558636851608753204e-02
-2.388319745659828186e-02
-9.924500435590744019e-02
-3.628635033965110779e-02
-1.818360015749931335e-02
-3.084145113825798035e-02
-3.835890069603919983e-02
-3.469942137598991394e-02
-8.431562036275863647e-02
7.409843616187572479e-03
-4.788450151681900024e-02
-4.532882571220397949e-02
-3.372736275196075439e-02
-1.231015287339687347e-02
-1.371968630701303482e-02
-4.709951207041740417e-02
-4.060411453247070312e-02
-1.162148565053939819e-01
-3.355596587061882019e-02
-3.522509336471557617e-02
-6.421166658401489258e-02
-7.201336324214935303e-02
-1.405823696404695511e-02
2.629603073000907898e-02
-2.154196240007877350e-02
-7.843628525733947754e-02
1.985740661621093750e-02
-1.105920150876045227e-01
8.218713104724884033e-03
-9.279067069292068481e-02
-2.449383214116096497e-02
-4.122415930032730103e-02
-3.015885502099990845e-02
-9.604428894817829132e-03
-1.173427700996398926e-01
-9.957754611968994141e-02
-1.281329803168773651e-02
-1.318909227848052979e-02
-1.600786857306957245e-02
9.002566337585449219e-03
-1.564273238182067871e-02
-3.527580201625823975e-02
-1.025992333889007568e-01
-4.301584511995315552e-02
-3.607588261365890503e-02
-9.204363450407981873e-03
-1.001417357474565506e-02
-6.584194302558898926e-02
-1.021683961153030396e-02
1.922311633825302124e-02
-3.244746476411819458e-02
-4.035249724984169006e-02
-2.577257528901100159e-02
-1.738855987787246704e-02
6.692987866699695587e-03
-3.186858817934989929e-02
1.092437840998172760e-02
-2.809673734009265900e-02
8.262701332569122314e-03
-8.866501972079277039e-03
2.720167115330696106e-02
-3.749587014317512512e-02
1.665002852678298950e-02
-7.848290354013442993e-02
-4.126046225428581238e-02
-2.311456389725208282e-02
-1.058265492320060730e-01
-2.706172503530979156e-02
-9.898931533098220825e-02
-6.415196508169174194e-02
2.104680798947811127e-02
-2.826109156012535095e-02
-4.346264526247978210e-02
-8.936150930821895599e-03
-4.711825773119926453e-02
-1.003743410110473633e-01
-2.165986970067024231e-02
-1.357118133455514908e-02
-9.974996000528335571e-02
-1.378110144287347794e-03
-1.043869834393262863e-02
-2.207761071622371674e-02
-3.949034214019775391e-02
-1.289203669875860214e-02
-1.271711941808462143e-02
-1.120307072997093201e-01
-7.055432349443435669e-02
-3.457260504364967346e-02
-7.386321574449539185e-02
-2.062129229307174683e-02
-2.721650339663028717e-02
-5.884433910250663757e-02
2.317963913083076477e-02
-7.519759237766265869e-02
2.255207858979701996e-02
-1.161092240363359451e-02
2.748874481767416000e-03
-4.397633671760559082e-02
-5.013676732778549194e-02
-1.916633173823356628e-02
-2.193836553487926722e-04
-1.206646114587783813e-01
-5.742758885025978088e-02
-4.869825020432472229e-02
-7.441046088933944702e-02
-4.232292249798774719e-02
-2.504635043442249298e-02
-5.384161695837974548e-02
-1.860895380377769470e-02
-3.969107195734977722e-02
-2.874704450368881226e-02
-2.967340685427188873e-02
1.144988927990198135e-03
-5.079112015664577484e-03
-3.518513962626457214e-02
-7.935950160026550293e-02
-2.642966248095035553e-02
-6.005719304084777832e-02
-5.887989327311515808e-02
-1.076506674289703369e-01
-2.183926664292812347e-02
-3.306934610009193420e-02
-5.803051218390464783e-02
-1.468551531434059143e-02
-6.701444834470748901e-02
2.692095004022121429e-02
-7.921674847602844238e-02
-3.295003995299339294e-02
3.178463131189346313e-02
-3.805686533451080322e-02
-8.188069611787796021e-02
-4.115125909447669983e-02
-9.102557599544525146e-02
-8.550077676773071289e-02
-8.021192252635955811e-02
-8.997137844562530518e-02
-3.581238165497779846e-02
-5.156240239739418030e-02
-3.724345937371253967e-02
2.055667527019977570e-02
-4.056366160511970520e-02
-7.455027103424072266e-02
1.873961999081075191e-03
1.210405956953763962e-02
-2.784608118236064911e-02
-2.841939218342304230e-02
-2.604366280138492584e-02
-2.777437493205070496e-02
-5.357600376009941101e-02
-2.737473882734775543e-02
1.855756714940071106e-02
-6.989979743957519531e-02
-1.079391092061996460e-01
-7.299278397113084793e-03
-1.157678570598363876e-02
-8.857820928096771240e-02
-3.523282706737518311e-02
-6.980225443840026855e-02
-3.270670399069786072e-02
-3.198550641536712646e-02
-3.230452910065650940e-02
9.228688664734363556e-03
-1.853522658348083496e-02
-2.538652531802654266e-02
4.933158867061138153e-03
-9.042225033044815063e-02
-1.691819285042583942e-03
-5.320857092738151550e-02
-3.148572146892547607e-02
4.778113681823015213e-03
-2.227452024817466736e-02
-2.156480215489864349e-02
-5.327429249882698059e-02
-3.386923670768737793e-02
-5.106615275144577026e-02
-7.124191522598266602e-02
-1.445289608091115952e-02
-2.916131541132926941e-02
-4.511968791484832764e-02
-2.561363391578197479e-02
-5.095383897423744202e-02
-2.544976957142353058e-02
-5.744104087352752686e-02
1.439244765788316727e-02
-2.232573740184307098e-02
-9.937599301338195801e-02
-4.156652092933654785e-02
-3.246929869055747986e-02
-7.402484118938446045e-02
4.709524288773536682e-02
3.426560387015342712e-02
-6.489161401987075806e-02
-2.359320409595966339e-02
-2.753318287432193756e-02
-5.469505488872528076e-02
-3.995743393898010254e-02
1.314391754567623138e-02
-2.864099293947219849e-02
1.544478349387645721e-02
-1.264555845409631729e-02
2.991891652345657349e-02
1.903984509408473969e-02
-6.471405923366546631e-02
-6.541685760021209717e-02
-2.191724069416522980e-02
-9.257819503545761108e-02
-5.702468752861022949e-02
-7.113789021968841553e-02
-3.260721266269683838e-02
-2.697729691863059998e-02
-3.438208252191543579e-02
-3.729816526174545288e-02
-7.494922727346420288e-02
-2.491686493158340454e-02
-4.190587624907493591e-02
-3.646909818053245544e-02
-3.001337498426437378e-02
-4.072427377104759216e-02
-2.427624538540840149e-02
-9.972029924392700195e-02
-1.823080889880657196e-02
-4.280947148799896240e-02
-3.869023546576499939e-02
-7.360562682151794434e-02
-3.136956691741943359e-02
-7.410494610667228699e-03
-2.467079646885395050e-02
5.269373301416635513e-03
-2.207868732511997223e-02
-8.330268412828445435e-02
-1.861247792840003967e-02
-2.534497156739234924e-02
-2.748930267989635468e-02
1.581581309437751770e-02
-1.314393337815999985e-02
-2.864285372197628021e-02
-3.223300725221633911e-02
-5.861134082078933716e-02
-3.157474473118782043e-02
-2.063754759728908539e-02
-1.060559153556823730e-01
-7.221901416778564453e-02
-4.779081791639328003e-02
-5.937451869249343872e-02
-3.943977132439613342e-02
-5.355804041028022766e-02
-4.038259759545326233e-02
-1.015758737921714783e-01
-5.498174205422401428e-02
-2.670909836888313293e-02
-2.578616701066493988e-02
-3.903665393590927124e-02
-1.229309514164924622e-01
-5.262367799878120422e-02
-5.874494463205337524e-02
-3.452464193105697632e-02
-5.847851932048797607e-02
-2.652618847787380219e-02
-1.787727512419223785e-02
-5.569259822368621826e-02
-1.866755075752735138e-02
1.037442218512296677e-02
-5.653176829218864441e-02
-6.315616518259048462e-02
-6.513738632202148438e-02
-3.292246535420417786e-02
1.587076857686042786e-02
-1.289327740669250488e-01
-1.167721822857856750e-01
-1.454884186387062073e-02
-4.144357517361640930e-02
-1.371764689683914185e-01
-2.874146215617656708e-02
2.942898124456405640e-02
-2.818338014185428619e-02
-2.238272875547409058e-02
-2.499563992023468018e-02
-6.155927851796150208e-02
-7.257216423749923706e-02
-1.133592799305915833e-02
-5.213310010731220245e-03
-3.609357401728630066e-02
