4.275164008140563965e-02
-4.739443212747573853e-02
1.862119138240814209e-02
-3.537875367328524590e-03
-2.116824239492416382e-01
-3.521490097045898438e-02
-1.655848175287246704e-01
2.060509286820888519e-02
1.527781225740909576e-02
-7.742391526699066162e-02
-5.252634361386299133e-02
4.521265625953674316e-02
7.476446218788623810e-03
1.014890596270561218e-01
4.724828898906707764e-02
-1.935245692729949951e-01
-1.509015113115310669e-01
-1.514960080385208130e-01
-6.820082664489746094e-02
-1.764464825391769409e-01
1.514935400336980820e-02
1.099428460001945496e-01
4.626272618770599365e-02
-6.196310743689537048e-02
2.930160053074359894e-02
-1.937054842710494995e-01
4.134540259838104248e-02
-6.219035387039184570e-02
-8.757404237985610962e-02
-3.999906405806541443e-02
-4.818565025925636292e-02
-1.230625659227371216e-01
-2.490130951628088951e-03
-6.313335150480270386e-02
-1.184487864375114441e-01
3.579051420092582703e-02
-1.320535838603973389e-01
2.115461081266403198e-01
2.080841213464736938e-01
1.267791390419006348e-01
8.540697395801544189e-02
2.320152670145034790e-01
1.740398555994033813e-01
1.736915856599807739e-01
-6.173745729029178619e-03
9.692324325442314148e-03
-1.097274646162986755e-01
1.228804588317871094e-01
-1.368646919727325439e-01
-2.509116828441619873e-01
-2.156416028738021851e-01
-8.103312551975250244e-02
1.388974785804748535e-01
-2.650111615657806396e-01
-2.602371871471405029e-01
-2.015489041805267334e-01
1.664154529571533203e-01
1.192782521247863770e-01
1.016489043831825256e-01
7.894276082515716553e-02
1.152479462325572968e-02
-8.177514374256134033e-02
-8.832053095102310181e-02
-1.180085614323616028e-01
-7.919929921627044678e-02
2.294590175151824951e-01
9.566702693700790405e-02
3.627998754382133484e-02
-6.306126248091459274e-03
3.840541467070579529e-02
8.192803710699081421e-02
-1.284079104661941528e-01
1.746911671943962574e-03
-5.526907742023468018e-02
1.284184157848358154e-01
-2.173123806715011597e-01
1.278500109910964966e-01
-7.385655492544174194e-02
4.836507141590118408e-02
1.479989737272262573e-01
6.307659298181533813e-02
2.036466598510742188e-01
2.867433801293373108e-02
8.481492102146148682e-02
-7.985092699527740479e-02
-2.992214262485504150e-01
-1.944279856979846954e-02
-1.333414167165756226e-01
1.866391748189926147e-01
1.121290847659111023e-01
2.079910337924957275e-01
1.904185279272496700e-03
-3.060562536120414734e-03
6.172373145818710327e-02
-2.208049446344375610e-01
8.865423500537872314e-02
-1.953472793102264404e-01
-4.712681099772453308e-02
1.845541596412658691e-01
-7.684943825006484985e-02
-2.628050446510314941e-01
-1.522499918937683105e-01
-2.009660154581069946e-01
-1.264028400182723999e-01
1.091718450188636780e-01
-1.433636248111724854e-01
1.962286531925201416e-01
-7.786695659160614014e-02
-1.608115136623382568e-01
-1.737880110740661621e-01
7.694645971059799194e-02
2.921009063720703125e-02
-1.877968013286590576e-01
-1.463919132947921753e-01
-2.283764630556106567e-02
-1.346952170133590698e-01
-9.461654722690582275e-02
1.735675930976867676e-01
9.506160020828247070e-02
-6.385768204927444458e-02
1.281543672084808350e-01
-1.152841299772262573e-01
2.029940634965896606e-01
4.734706506133079529e-02
2.000819444656372070e-01
8.082193136215209961e-02
9.234926849603652954e-02
7.760681957006454468e-02
-8.063837885856628418e-02
-7.623201608657836914e-02
1.303914040327072144e-01
8.367531001567840576e-02
1.254291087388992310e-01
-1.558191776275634766e-01
-2.709286846220493317e-02
-1.333141773939132690e-01
-2.066108137369155884e-01
-2.590373456478118896e-01
-1.730704456567764282e-01
-1.168366428464651108e-02
-2.220370322465896606e-01
-2.350339442491531372e-01
-1.791547834873199463e-01
1.198466867208480835e-01
2.597726583480834961e-01
1.948828995227813721e-01
-7.041224837303161621e-02
1.096053943037986755e-01
6.769681721925735474e-02
-1.351250857114791870e-01
2.140651643276214600e-02
3.691757097840309143e-02
2.005220651626586914e-01
1.527912681922316551e-03
1.296910047531127930e-01
-1.312926411628723145e-01
-2.979164570569992065e-02
1.597171127796173096e-01
-1.083241030573844910e-01
7.151637226343154907e-02
2.168010175228118896e-01
1.511072963476181030e-01
-1.276960670948028564e-01
-9.723973274230957031e-02
1.558824479579925537e-01
7.999183982610702515e-02
-2.957513555884361267e-02
-1.858037412166595459e-01
1.399125307798385620e-01
1.425701826810836792e-01
1.007332131266593933e-01
-8.116006851196289062e-02
-4.381946474313735962e-02
-4.924894776195287704e-03
-1.117173805832862854e-01
-2.835649251937866211e-02
-1.130002886056900024e-01
1.171259284019470215e-01
5.314474552869796753e-02
-1.422426253557205200e-01
-1.156684607267379761e-01
1.715112924575805664e-01
5.366265401244163513e-02
-7.530382275581359863e-02
9.474071115255355835e-02
-9.966938756406307220e-03
6.075009703636169434e-03
1.059698462486267090e-01
1.195601001381874084e-01
3.242590650916099548e-02
6.945735216140747070e-02
-9.256768971681594849e-02
-1.050274893641471863e-01
-7.293026149272918701e-02
1.725326180458068848e-01
1.031239479780197144e-01
-8.980721235275268555e-02
-1.172759756445884705e-01
2.347589135169982910e-01
-1.550985574722290039e-01
5.711057037115097046e-02
-1.331132203340530396e-01
1.818546801805496216e-01
1.515586078166961670e-01
2.052546739578247070e-01
-1.311963796615600586e-01
-1.865296065807342529e-01
-2.204791009426116943e-01
-1.307020783424377441e-01
-2.503463067114353180e-02
-2.737260162830352783e-01
5.532248318195343018e-02
9.225852042436599731e-02
1.388076245784759521e-01
2.731320858001708984e-01
1.855352967977523804e-01
-1.916127353906631470e-01
-6.792059540748596191e-02
1.758670434355735779e-02
1.914644539356231689e-01
1.855036169290542603e-01
7.321182638406753540e-02
7.161782681941986084e-02
-5.318453162908554077e-02
-7.904702425003051758e-02
-4.533205926418304443e-02
1.892413198947906494e-01
-1.528912931680679321e-01
1.437301337718963623e-01
9.704200923442840576e-02
-2.022516429424285889e-01
-2.207684963941574097e-01
-1.698263585567474365e-01
-8.643526583909988403e-02
-4.782290756702423096e-02
1.361216902732849121e-01
5.174321681261062622e-02
1.474722921848297119e-01
1.109520718455314636e-01
-6.143486499786376953e-02
-1.071239262819290161e-01
-6.405935436487197876e-02
2.515305206179618835e-02
-1.103300303220748901e-01
-1.836125366389751434e-02
6.267486512660980225e-02
7.542241364717483521e-02
1.645721942186355591e-01
-1.220550835132598877e-01
-9.460967034101486206e-02
6.356764584779739380e-02
-7.959729433059692383e-02
-7.255561649799346924e-02
9.043014608323574066e-03
-1.520574986934661865e-01
-1.371398661285638809e-02
-1.719096302986145020e-01
-9.530510008335113525e-02
1.077165380120277405e-01
6.546958535909652710e-02
1.426384150981903076e-01
2.305396497249603271e-01
1.881399452686309814e-01
-1.935809850692749023e-01
5.642807856202125549e-02
1.505296770483255386e-02
7.346109300851821899e-02
1.497464776039123535e-01
-1.335860043764114380e-02
-1.527661178261041641e-02
-3.627359494566917419e-02
8.695046603679656982e-02
1.135178059339523315e-01
-3.409821167588233948e-02
2.558548934757709503e-02
1.706134974956512451e-01
9.139481931924819946e-03
-1.464585661888122559e-01
1.120659410953521729e-01
6.567923724651336670e-02
1.791558563709259033e-01
-1.705108731985092163e-01
-4.736402258276939392e-02
-1.429558247327804565e-01
1.136223375797271729e-01
-6.914456933736801147e-02
-7.508771121501922607e-02
-1.835133507847785950e-02
-8.298978954553604126e-02
6.317901611328125000e-02
2.169356197118759155e-01
-2.740254700183868408e-01
1.178582236170768738e-01
6.298485398292541504e-02
-1.866575777530670166e-01
-2.882337570190429688e-01
-1.611922532320022583e-01
3.296240046620368958e-02
3.727809339761734009e-02
-1.504665911197662354e-01
-8.969276398420333862e-02
-6.096593663096427917e-02
1.253259629011154175e-01
1.077117957174777985e-02
1.411974728107452393e-01
1.303936243057250977e-01
1.678770780563354492e-02
-2.668097913265228271e-01
-1.480877250432968140e-01
-3.604061156511306763e-02
-3.240114748477935791e-01
-2.091124057769775391e-01
-1.795774847269058228e-01
-2.146899402141571045e-01
-2.106852233409881592e-01
2.196380645036697388e-01
-8.790948987007141113e-02
-1.184820290654897690e-02
7.779624313116073608e-03
1.591610759496688843e-01
2.008921802043914795e-01
4.075020179152488708e-02
-1.400639265775680542e-01
1.682298332452774048e-01
6.644243746995925903e-02
-1.262344717979431152e-01
1.996781490743160248e-02
1.203529611229896545e-01
-1.311881560832262039e-02
-2.271701842546463013e-01
-1.237644720822572708e-02
-1.354965120553970337e-01
-4.957682639360427856e-02
-8.379068458452820778e-04
-7.051084935665130615e-02
-7.203799486160278320e-02
3.729379549622535706e-02
3.088664822280406952e-02
1.524798870086669922e-01
-1.065935119986534119e-01
5.426208022981882095e-03
1.197335869073867798e-02
1.112348288297653198e-01
1.185924857854843140e-01
-8.860184997320175171e-02
1.357328444719314575e-01
1.204616874456405640e-01
-3.527633100748062134e-02
4.463160783052444458e-02
1.533812731504440308e-01
-6.474627181887626648e-03
1.157283335924148560e-01
-2.298099398612976074e-01
-1.261994987726211548e-01
-1.120400875806808472e-01
-2.891742624342441559e-02
-4.314560443162918091e-02
-5.254777520895004272e-02
-2.097935825586318970e-01
1.877123117446899414e-01
1.969742029905319214e-01
6.738806515932083130e-02
1.606414467096328735e-01
8.291955292224884033e-02
-1.257061064243316650e-01
5.984994769096374512e-02
5.555537343025207520e-02
1.483956277370452881e-01
1.489211916923522949e-01
1.461526602506637573e-01
6.617803126573562622e-02
-1.601609438657760620e-01
-1.422640215605497360e-02
1.064098323695361614e-03
-1.520726680755615234e-01
2.693962864577770233e-02
-2.066362351179122925e-01
7.532068341970443726e-02
-1.267312616109848022e-01
1.321115493774414062e-01
9.055396169424057007e-02
-2.147876024246215820e-01
1.960421353578567505e-01
1.037343814969062805e-01
-2.304805815219879150e-02
1.477495431900024414e-01
-2.842150926589965820e-01
-1.941850185394287109e-01
-2.004364877939224243e-01
1.644113510847091675e-01
9.054148197174072266e-02
1.800757497549057007e-01
-6.797636300325393677e-02
1.850859075784683228e-01
9.763971716165542603e-02
-1.795507222414016724e-01
-9.398264437913894653e-02
9.683319367468357086e-03
1.195168420672416687e-01
-3.812091657891869545e-03
1.454759538173675537e-01
-2.034057304263114929e-02
1.416847705841064453e-01
6.936708837747573853e-02
-3.262616395950317383e-01
-6.657016277313232422e-02
-1.609889864921569824e-01
-1.086033061146736145e-01
-2.315915003418922424e-02
-2.394338250160217285e-01
-2.147499471902847290e-01
-3.988318517804145813e-02
1.544453203678131104e-01
-1.281960010528564453e-01
6.411081552505493164e-02
1.293271631002426147e-01
2.276031821966171265e-01
-1.641228497028350830e-01
-1.267243325710296631e-01
-1.360002905130386353e-01
1.635042428970336914e-01
-9.014923870563507080e-02
-4.341959580779075623e-02
1.616658270359039307e-01
2.079581469297409058e-02
4.148635268211364746e-02
-1.726663112640380859e-01
-6.547350436449050903e-02
-1.843717843294143677e-01
1.722439937293529510e-02
-6.297121942043304443e-02
1.360207349061965942e-01
1.702129244804382324e-01
5.122135952115058899e-02
2.265451252460479736e-01
1.239187940955162048e-01
-1.132440716028213501e-01
-2.916876673698425293e-01
-1.205608472228050232e-01
-1.928056217730045319e-02
-8.458191901445388794e-02
6.632313132286071777e-02
-6.822902709245681763e-02
1.243280321359634399e-01
-1.483176797628402710e-01
-1.053237356245517731e-02
-1.102448478341102600e-01
1.255976110696792603e-01
-6.799222528934478760e-02
2.081405371427536011e-01
-6.615423411130905151e-02
2.302184700965881348e-01
1.347207427024841309e-01
-1.250487565994262695e-01
-1.839503347873687744e-01
-2.456571459770202637e-01
2.936839312314987183e-02
-4.886955022811889648e-02
1.977639645338058472e-01
-6.432989984750747681e-02
-1.567014902830123901e-01
2.655881345272064209e-01
-1.633054316043853760e-01
-1.193738505244255066e-01
2.220019251108169556e-01
-1.457938104867935181e-01
-3.268985776230692863e-03
1.837002038955688477e-01
-7.336699217557907104e-02
-1.549092829227447510e-01
2.611412480473518372e-02
-2.621462345123291016e-01
1.032620966434478760e-01
8.778624981641769409e-02
5.443221889436244965e-03
2.423930354416370392e-02
1.703872680664062500e-01
-1.092853769659996033e-01
-1.237936913967132568e-01
8.343096822500228882e-03
-7.139360159635543823e-02
6.393506191670894623e-03
2.261404395103454590e-01
8.573518693447113037e-02
7.824070751667022705e-02
-6.970275938510894775e-02
-1.933562606573104858e-01
3.348230570554733276e-02
2.101545035839080811e-01
-7.758407294750213623e-02
-2.041279673576354980e-01
2.194341123104095459e-01
1.875728517770767212e-01
-2.505379319190979004e-01
-3.198425844311714172e-02
8.245672285556793213e-02
8.971680700778961182e-02
8.990564942359924316e-02
2.196017885580658913e-03
-1.501570343971252441e-01
2.418199479579925537e-01
-7.682672888040542603e-02
-2.477752268314361572e-01
1.459643095731735229e-01
-1.520194113254547119e-01
1.603010296821594238e-02
-6.600897759199142456e-02
6.080846115946769714e-02
-2.476153075695037842e-01
6.759818177670240402e-03
2.530823051929473877e-01
-6.190042570233345032e-02
-1.847474923124536872e-04
-1.149251684546470642e-01
8.355759084224700928e-02
1.790433973073959351e-01
-3.983617573976516724e-02
1.201327741146087646e-01
1.217766925692558289e-01
1.847396194934844971e-01
-6.326133757829666138e-02
2.560294233262538910e-02
1.423583831638097763e-02
5.562428012490272522e-02
-3.645109385251998901e-02
9.071175754070281982e-02
2.612419426441192627e-02
-3.100502490997314453e-01
-6.360375881195068359e-02
-2.648022957146167755e-02
-1.322373598814010620e-01
7.851393520832061768e-02
2.222914844751358032e-01
1.230273097753524780e-01
-1.443339437246322632e-01
1.127549633383750916e-02
-3.185305297374725342e-01
3.133545070886611938e-02
-9.128896892070770264e-02
-8.090394549071788788e-03
-1.439952701330184937e-01
2.433419041335582733e-02
-3.569402545690536499e-02
-1.892325701192021370e-03
-1.264493316411972046e-01
-3.688817098736763000e-02
1.856542527675628662e-01
2.293209731578826904e-01
-1.161503642797470093e-01
-1.016625240445137024e-01
1.207037940621376038e-01
1.398665755987167358e-01
-7.314470410346984863e-02
-2.432174235582351685e-01
-8.666353672742843628e-02
-3.920581564307212830e-02
2.981016226112842560e-02
-1.210764497518539429e-01
4.167890921235084534e-02
-1.146991550922393799e-02
-5.112833529710769653e-02
-1.694063246250152588e-01
-1.745594292879104614e-01
1.105057969689369202e-01
2.429136186838150024e-01
2.031819522380828857e-01
2.033827900886535645e-01
5.741843953728675842e-02
1.989316195249557495e-01
-9.292054176330566406e-02
2.379854768514633179e-01
-2.646936476230621338e-02
-7.870088517665863037e-02
-1.762132644653320312e-01
-1.304427534341812134e-01
5.784726887941360474e-02
2.951258048415184021e-02
1.979407072067260742e-01
2.106790095567703247e-01
5.551582202315330505e-02
1.145257428288459778e-01
1.704239100217819214e-01
-1.361558735370635986e-01
-1.066187024116516113e-01
1.404620856046676636e-01
-2.646949589252471924e-01
-3.303430378437042236e-01
-3.092499077320098877e-01
-1.117029637098312378e-01
-2.693134844303131104e-01
-2.317318618297576904e-01
-1.051173582673072815e-01
-3.367049098014831543e-01
-2.561461329460144043e-01
-9.357852488756179810e-02
-4.401969909667968750e-02
1.402430534362792969e-01
1.394206136465072632e-01
8.354013413190841675e-02
1.497588157653808594e-01
-9.495173394680023193e-02
-7.505487650632858276e-02
-1.612738370895385742e-01
-2.120518237352371216e-01
-1.813252419233322144e-01
-1.519444771111011505e-02
2.615520730614662170e-02
1.210060864686965942e-01
-3.570092841982841492e-03
-6.280009448528289795e-02
-2.158042192459106445e-01
5.813495442271232605e-02
1.210971847176551819e-01
1.511071808636188507e-03
-3.251960501074790955e-02
1.824493408203125000e-01
1.478198915719985962e-01
-1.452136505395174026e-02
9.772406192496418953e-04
1.111639067530632019e-01
-1.315544545650482178e-01
6.455799192190170288e-02
2.001349329948425293e-01
2.309381216764450073e-01
2.164451479911804199e-01
1.471765488386154175e-01
-9.380220621824264526e-02
1.784053146839141846e-01
8.692747354507446289e-02
5.845998600125312805e-02
9.875115938484668732e-03
-2.297082543373107910e-01
-2.399934381246566772e-01
-1.556662321090698242e-01
-2.349540591239929199e-01
-1.996584683656692505e-01
-6.171392649412155151e-02
-2.361719310283660889e-01
1.341989934444427490e-01
4.382079467177391052e-02
9.251005947589874268e-02
-1.838968843221664429e-01
1.332083344459533691e-01
1.573031842708587646e-01
-3.003521263599395752e-02
-1.753232628107070923e-01
9.240029007196426392e-02
-1.038570627570152283e-01
1.380618847906589508e-02
1.019290909171104431e-01
7.323532551527023315e-02
-1.679976731538772583e-01
-5.923528224229812622e-02
3.045806288719177246e-02
-1.207209303975105286e-01
6.860291119664907455e-03
8.352443575859069824e-02
-8.010467886924743652e-02
1.026339605450630188e-01
2.572972327470779419e-02
1.049027517437934875e-01
-3.204277157783508301e-02
3.160873800516128540e-02
-6.367012858390808105e-02
1.073279380798339844e-01
-6.625797599554061890e-02
4.001194611191749573e-03
5.570417642593383789e-02
3.997692838311195374e-02
-1.044306382536888123e-01
7.998931407928466797e-02
-5.872825160622596741e-02
-7.556685805320739746e-02
9.563069790601730347e-02
1.218159869313240051e-01
3.230664134025573730e-02
2.064437419176101685e-01
-1.990200132131576538e-01
-5.453407019376754761e-02
2.711790204048156738e-01
-1.990449875593185425e-01
-1.506612151861190796e-01
2.575318217277526855e-01
-1.042605414986610413e-01
1.703373938798904419e-01
-1.071825921535491943e-01
-2.164612859487533569e-01
1.341594606637954712e-01
1.794684380292892456e-01
-2.076714932918548584e-01
1.295480579137802124e-01
4.072466865181922913e-02
-4.335181415081024170e-02
-5.270572728477418423e-04
1.342462897300720215e-01
-9.827964752912521362e-02
-1.327861845493316650e-02
-5.359979346394538879e-02
-1.097237616777420044e-01
-6.194746494293212891e-02
1.859871447086334229e-01
-1.173820421099662781e-01
1.166425868868827820e-01
1.956591755151748657e-01
3.585853055119514465e-02
-7.212641090154647827e-02
-2.601564526557922363e-01
-2.282512784004211426e-01
-7.061520963907241821e-02
-8.448496460914611816e-02
1.758338809013366699e-01
2.044962644577026367e-01
-1.202027779072523117e-03
4.374802857637405396e-02
1.480201929807662964e-01
-1.810918152332305908e-01
1.986335776746273041e-02
-2.018236517906188965e-01
8.467822521924972534e-02
1.908835917711257935e-01
1.838285923004150391e-01
6.507994234561920166e-02
1.402847021818161011e-01
-9.264478459954261780e-03
-6.376308202743530273e-02
-2.433504015207290649e-01
5.406602844595909119e-02
-1.499110311269760132e-01
-5.798241123557090759e-02
-1.557087451219558716e-01
-1.968178004026412964e-01
1.843058466911315918e-01
-6.726831942796707153e-02
1.369174122810363770e-01
2.305190861225128174e-01
1.221733167767524719e-01
1.299731433391571045e-01
1.007102504372596741e-01
-8.496665209531784058e-02
-1.156520545482635498e-01
-3.752858936786651611e-02
-1.089268103241920471e-01
-1.905977874994277954e-01
-4.799036309123039246e-02
4.523984715342521667e-02
1.695860922336578369e-01
-5.955664813518524170e-02
2.973318472504615784e-02
4.568114876747131348e-02
-1.302153319120407104e-01
-9.950925409793853760e-02
-1.138883158564567566e-01
5.860931426286697388e-02
-1.321828663349151611e-01
-6.968169659376144409e-02
1.066135689616203308e-01
-1.189917027950286865e-01
-1.240116134285926819e-01
-7.519314438104629517e-02
9.926761686801910400e-02
-3.545340523123741150e-02
-2.090631723403930664e-01
4.528801143169403076e-02
-1.562841981649398804e-02
-1.237779017537832260e-02
1.228865385055541992e-01
6.353877484798431396e-02
2.352923452854156494e-01
3.310046717524528503e-02
5.553450062870979309e-02
1.124871000647544861e-01
1.817968487739562988e-01
2.375663369894027710e-01
2.007264345884323120e-01
2.358783408999443054e-02
-1.736767143011093140e-01
-2.685610204935073853e-02
-1.718790829181671143e-01
-2.251192182302474976e-01
-9.899799525737762451e-02
4.137865453958511353e-02
-1.475858837366104126e-01
1.966765969991683960e-01
-2.127468138933181763e-01
1.443135142326354980e-01
-9.237109124660491943e-02
8.914566785097122192e-02
9.498097002506256104e-02
6.575065106153488159e-02
1.055183410644531250e-01
2.672971040010452271e-02
-2.373510003089904785e-01
1.015810593962669373e-01
1.425836831331253052e-01
6.213584169745445251e-02
-2.393433153629302979e-01
1.845475733280181885e-01
-2.750233709812164307e-01
-1.870515793561935425e-01
2.338700741529464722e-01
-9.607987105846405029e-02
7.396092265844345093e-02
1.462051719427108765e-01
-1.412993073463439941e-01
-2.193706184625625610e-01
3.307456150650978088e-02
-1.480123698711395264e-01
-6.064055114984512329e-02
2.541511356830596924e-01
-3.869450883939862251e-04
-4.488898441195487976e-02
2.173272520303726196e-01
1.549640297889709473e-01
-1.984761208295822144e-01
-1.051196008920669556e-01
-7.529564946889877319e-02
-1.633483618497848511e-01
-2.030425071716308594e-01
3.769823536276817322e-02
2.027239203453063965e-01
-1.181665994226932526e-02
1.469072252511978149e-01
1.598810404539108276e-01
-1.316891610622406006e-01
-1.853558234870433807e-02
-2.247174084186553955e-01
-4.286227002739906311e-02
-2.040698193013668060e-02
1.215038225054740906e-01
-4.408355802297592163e-02
1.482520997524261475e-01
2.465930022299289703e-02
6.322713196277618408e-02
1.548368483781814575e-01
-2.261773496866226196e-02
-1.566112041473388672e-02
-8.391680568456649780e-02
1.399190425872802734e-01
-1.291845887899398804e-01
-2.206744812428951263e-02
3.005297109484672546e-02
-2.111060470342636108e-01
-2.461163513362407684e-02
6.928219646215438843e-02
-1.907172203063964844e-01
-3.398224338889122009e-02
-8.793938905000686646e-02
1.575815230607986450e-01
1.178530156612396240e-01
-7.938863337039947510e-02
-1.198156848549842834e-01
-1.694104820489883423e-01
-2.005551606416702271e-01
-1.433282941579818726e-01
1.936688870191574097e-01
1.500526517629623413e-01
1.149052477558143437e-04
-1.860957941971719265e-03
4.502093791961669922e-02
9.662292152643203735e-02
-3.708731010556221008e-02
1.471606194972991943e-01
-4.769707843661308289e-02
6.891991198062896729e-02
7.813563197851181030e-02
-8.225186914205551147e-02
-1.145660802721977234e-01
-2.821046300232410431e-02
-2.475804835557937622e-01
-1.214361786842346191e-01
-2.170123904943466187e-01
-2.930555641651153564e-01
-8.036295324563980103e-02
-1.903293281793594360e-01
1.072546094655990601e-02
-9.458879381418228149e-02
-1.630340069532394409e-01
4.860007017850875854e-02
8.616319298744201660e-02
-2.040599845349788666e-02
3.716778010129928589e-02
1.663644164800643921e-01
-1.714539825916290283e-01
2.902669310569763184e-01
3.241096436977386475e-02
8.436432480812072754e-02
2.787963747978210449e-01
-5.000106617808341980e-02
-8.105561882257461548e-02
1.366373449563980103e-01
5.341854877769947052e-03
2.053935974836349487e-01
3.014372289180755615e-01
-7.032887637615203857e-02
-1.766060739755630493e-01
-9.172555990517139435e-03
-2.284896224737167358e-01
-2.913631200790405273e-01
5.629394948482513428e-02
-1.852807998657226562e-01
1.329548060894012451e-01
2.059105932712554932e-01
-1.575402766466140747e-01
-1.873572021722793579e-01
-1.331898421049118042e-01
-1.482258737087249756e-01
-3.209430277347564697e-01
-1.897808909416198730e-01
1.351523697376251221e-01
1.764303818345069885e-02
-7.703838497400283813e-02
-2.481061518192291260e-01
1.357668824493885040e-02
-7.315170019865036011e-02
-3.555280864238739014e-01
-3.672369718551635742e-01
5.889352783560752869e-02
3.811445832252502441e-02
2.676213085651397705e-01
9.764645248651504517e-02
1.912210136651992798e-01
5.233491957187652588e-02
-7.984928041696548462e-02
-1.390112377703189850e-02
-1.542309075593948364e-01
-6.802187860012054443e-02
-1.310435831546783447e-01
-5.257139354944229126e-02
1.457810401916503906e-01
-1.918317377567291260e-01
-9.401527792215347290e-02
-1.407837867736816406e-01
8.623474836349487305e-02
2.208236753940582275e-01
1.442259550094604492e-01
-1.177923679351806641e-01
-2.260750681161880493e-01
-9.801069647073745728e-02
-1.113611608743667603e-01
-2.198832780122756958e-01
-6.471398472785949707e-02
-4.216612502932548523e-02
1.353077292442321777e-01
1.428494155406951904e-01
1.351708024740219116e-01
-1.734661161899566650e-01
-1.300636678934097290e-01
2.792648673057556152e-01
1.140170320868492126e-01
-1.680208891630172729e-01
-6.019077450037002563e-02
7.747159153223037720e-02
2.674524299800395966e-02
-4.244938120245933533e-02
-1.036320924758911133e-01
-1.066415943205356598e-02
8.908624947071075439e-02
6.480814516544342041e-02
5.885298922657966614e-02
-2.661719322204589844e-01
6.468846648931503296e-02
9.430744498968124390e-02
8.056831359863281250e-02
-8.886095136404037476e-02
2.048482745885848999e-02
7.877915352582931519e-02
2.368413209915161133e-01
-1.576921939849853516e-01
-2.336697131395339966e-01
1.693851649761199951e-01
4.487811401486396790e-02
-1.402244716882705688e-01
-7.729273289442062378e-02
-9.696253389120101929e-02
-7.666596025228500366e-02
9.261560440063476562e-02
1.146223843097686768e-01
-8.517481386661529541e-02
-1.381058990955352783e-01
-7.611450552940368652e-02
-1.508800536394119263e-01
4.356882348656654358e-02
-1.142762824892997742e-01
1.904004961252212524e-01
-3.387201810255646706e-03
-6.581109762191772461e-02
1.867305338382720947e-01
-1.861918345093727112e-02
-9.300176054239273071e-02
-1.789463609457015991e-01
-1.498782932758331299e-01
-1.203927844762802124e-01
4.212899133563041687e-02
-1.044665798544883728e-01
-1.654725987464189529e-03
-1.735829934477806091e-02
-1.881638467311859131e-01
3.546184301376342773e-02
-1.760136187076568604e-01
1.847687959671020508e-01
1.578592360019683838e-01
1.472846232354640961e-02
1.751710027456283569e-01
-6.762266159057617188e-02
6.694892654195427895e-04
9.377413243055343628e-02
-3.471276536583900452e-02
-2.168365567922592163e-01
-1.969360858201980591e-01
-1.093782782554626465e-01
-7.955273985862731934e-02
1.550951451063156128e-01
-8.255282416939735413e-03
9.354062378406524658e-02
-1.999431997537612915e-01
4.758718237280845642e-02
-2.314779907464981079e-02
-2.064185887575149536e-01
-1.943511813879013062e-01
-1.403822153806686401e-01
3.947101905941963196e-02
1.627559512853622437e-01
1.162788793444633484e-01
6.760714948177337646e-02
1.332757323980331421e-01
1.912520527839660645e-01
-5.614886060357093811e-02
-1.360691040754318237e-01
-2.809149958193302155e-02
1.396723389625549316e-01
-2.197064012289047241e-01
-1.807567030191421509e-01
4.711045697331428528e-02
1.726383715867996216e-01
1.838975846767425537e-01
-2.648038975894451141e-02
-8.434608578681945801e-02
2.270071953535079956e-01
-5.638902634382247925e-02
-1.548140645027160645e-01
-1.865363419055938721e-01
1.776483356952667236e-01
1.685228049755096436e-01
-7.652710378170013428e-02
-2.279177680611610413e-02
-6.307889521121978760e-02
1.906068027019500732e-01
5.788915976881980896e-02
-1.367864757776260376e-01
-2.916432917118072510e-01
1.367161870002746582e-01
1.393613666296005249e-01
6.285064667463302612e-02
1.910035461187362671e-01
2.336266078054904938e-02
-6.686139106750488281e-02
5.189288035035133362e-02
-1.847272515296936035e-01
-5.681446939706802368e-02
-9.189820289611816406e-02
-1.481246054172515869e-01
-2.429238408803939819e-01
-9.263396263122558594e-02
6.859793514013290405e-02
1.233308613300323486e-01
-1.364339739084243774e-01
6.085366755723953247e-02
-1.047003492712974548e-01
1.034129038453102112e-01
-1.608379334211349487e-01
1.258457824587821960e-02
-3.092042915523052216e-02
-1.299313902854919434e-01
6.455940753221511841e-02
7.893351465463638306e-02
1.753911674022674561e-01
1.159492805600166321e-01
7.300493121147155762e-02
1.710514277219772339e-01
2.202745974063873291e-01
1.967858076095581055e-01
1.695179343223571777e-01
9.736739844083786011e-02
-1.606332808732986450e-01
9.414810687303543091e-02
1.868929117918014526e-01
-1.514268666505813599e-02
-1.866889744997024536e-01
-2.368027716875076294e-01
1.926373094320297241e-01
1.655687242746353149e-01
-3.584540635347366333e-02
-3.376008942723274231e-02
2.018475383520126343e-01
9.197542071342468262e-02
-2.401615530252456665e-01
-1.693905889987945557e-02
-1.894889473915100098e-01
-2.544031105935573578e-02
4.161564633250236511e-02
-1.274961829185485840e-01
9.498561173677444458e-02
-1.201247647404670715e-01
2.290789186954498291e-01
-1.745736598968505859e-01
5.706975609064102173e-02
-7.994779199361801147e-02
-2.104248255491256714e-01
-4.429187625646591187e-02
-1.213960200548171997e-01
4.387687146663665771e-02
-1.933377087116241455e-01
-1.814729184843599796e-03
8.327431231737136841e-02
1.158517152070999146e-01
2.349990606307983398e-01
1.703134924173355103e-01
-1.040520295500755310e-01
1.114292293787002563e-01
-5.988863483071327209e-02
3.975440561771392822e-02
-9.561447799205780029e-02
6.836237385869026184e-03
-1.049394458532333374e-01
1.545801609754562378e-01
-1.768528819084167480e-01
-1.777175962924957275e-01
-2.843733504414558411e-02
-7.649654895067214966e-02
1.680168062448501587e-01
8.420106768608093262e-02
2.378381490707397461e-01
8.158952742815017700e-02
5.406598746776580811e-02
3.389286994934082031e-02
2.267297357320785522e-01
2.081685662269592285e-01
3.846557065844535828e-02
7.221178710460662842e-02
2.809102237224578857e-01
-4.797330871224403381e-02
1.803989112377166748e-01
-5.643951520323753357e-02
-4.681513458490371704e-02
-6.452179700136184692e-02
5.791019648313522339e-02
-1.602112799882888794e-01
8.650708943605422974e-03
-1.836192458868026733e-01
-9.021571278572082520e-02
-5.405341833829879761e-02
-2.639328315854072571e-02
-2.491220086812973022e-02
-1.566527634859085083e-01
-2.411024868488311768e-01
6.376016885042190552e-02
-1.022882461547851562e-01
-2.125485688447952271e-01
1.217051874846220016e-03
4.342129826545715332e-02
-2.016131207346916199e-02
1.161224320530891418e-01
-1.775557845830917358e-01
3.411029279232025146e-02
9.196760505437850952e-02
-2.046135663986206055e-01
-1.471077799797058105e-01
-5.999667197465896606e-02
-1.962727867066860199e-02
1.544242054224014282e-01
-1.667229533195495605e-01
-1.645580232143402100e-01
1.343695670366287231e-01
1.447119563817977905e-01
-1.247658133506774902e-01
-1.099203974008560181e-01
-1.437786817550659180e-01
-1.627921313047409058e-01
-1.068462952971458435e-01
-1.633976250886917114e-01
2.276206575334072113e-02
-1.073039099574089050e-01
1.282991915941238403e-01
-1.354680657386779785e-01
-3.419057652354240417e-02
-1.583236753940582275e-01
-6.344160437583923340e-02
-2.116285637021064758e-02
-9.387687593698501587e-02
-5.263805855065584183e-03
2.373139373958110809e-02
1.940592192113399506e-02
-1.632407680153846741e-02
2.151345461606979370e-02
-1.442153304815292358e-01
-1.823218464851379395e-01
-1.964473426342010498e-01
-6.380510050803422928e-03
-1.139159724116325378e-01
-5.366233736276626587e-02
6.451629102230072021e-02
3.090708283707499504e-03
1.395804286003112793e-01
1.260758936405181885e-01
-1.648522317409515381e-01
-1.043351665139198303e-01
6.434132903814315796e-02
1.811241209506988525e-01
1.750549226999282837e-01
-1.446681022644042969e-01
-9.561048448085784912e-02
2.395789027214050293e-01
-6.918922066688537598e-02
3.326175361871719360e-02
-1.582388207316398621e-02
4.251394420862197876e-02
-1.998395919799804688e-01
2.360580116510391235e-01
-9.605923295021057129e-02
-1.249380782246589661e-01
-1.424253638833761215e-02
1.005939096212387085e-01
-1.403171718120574951e-01
2.297715097665786743e-01
-2.263968437910079956e-02
-1.577201336622238159e-01
1.269444525241851807e-01
5.095186457037925720e-02
-2.045625895261764526e-01
1.366697847843170166e-01
-9.766621887683868408e-02
-1.314895749092102051e-01
1.946724653244018555e-01
8.825591951608657837e-02
-1.140461582690477371e-02
7.133825868368148804e-02
6.065192446112632751e-02
-1.462860256433486938e-01
1.294772624969482422e-01
-1.406151354312896729e-01
-5.798287317156791687e-02
1.639631241559982300e-01
-1.186096146702766418e-01
1.936035901308059692e-01
3.934489935636520386e-02
-2.245295047760009766e-02
-5.822561681270599365e-02
-8.845834434032440186e-02
1.356981843709945679e-01
-1.794090718030929565e-01
-1.234890148043632507e-02
6.209764629602432251e-02
1.887987554073333740e-01
1.395587623119354248e-01
7.333564758300781250e-02
-2.717057056725025177e-02
-5.368863046169281006e-02
-1.221272125840187073e-01
-4.287884011864662170e-02
-2.138847410678863525e-01
1.109565421938896179e-02
-1.451730877161026001e-01
-1.888231188058853149e-01
-8.172907680273056030e-02
-2.358990609645843506e-01
1.351964175701141357e-01
1.470066457986831665e-01
1.441062539815902710e-01
2.390868812799453735e-01
2.313645556569099426e-02
-1.692258566617965698e-01
-3.262964636087417603e-02
1.285398900508880615e-01
-1.564310938119888306e-01
3.266995251178741455e-01
-1.723295152187347412e-01
-1.733061224222183228e-01
7.488996535539627075e-02
1.096125170588493347e-01
-1.917392909526824951e-01
-9.319657087326049805e-02
-5.858889315277338028e-03
-1.226040497422218323e-01
3.440700471401214600e-02
5.044474080204963684e-02
-6.676009297370910645e-02
-1.307145804166793823e-01
8.001870661973953247e-02
-2.550414204597473145e-01
1.091629788279533386e-01
2.345967143774032593e-01
-3.491276130080223083e-02
2.345864772796630859e-01
-2.016346529126167297e-02
-2.691368758678436279e-01
5.581164732575416565e-02
-2.539369836449623108e-02
2.180143147706985474e-01
-1.766926944255828857e-01
-1.514894664287567139e-01
2.683677524328231812e-02
1.520990580320358276e-01
-1.349326074123382568e-01
1.044272482395172119e-01
-8.489476144313812256e-02
1.232219487428665161e-01
1.557732466608285904e-02
-2.520549893379211426e-01
-1.904465109109878540e-01
2.008225619792938232e-01
9.180962294340133667e-02
-9.165009856224060059e-02
-3.570001199841499329e-02
4.751723259687423706e-02
5.139823630452156067e-02
6.427009124308824539e-03
-1.051584109663963318e-01
-2.179644554853439331e-01
1.795451939105987549e-01
8.648030459880828857e-02
-1.303549855947494507e-01
6.762665510177612305e-02
-3.729508072137832642e-02
-1.892977207899093628e-01
5.530162900686264038e-02
1.869102418422698975e-01
9.372658096253871918e-03
1.994235813617706299e-01
-1.235588043928146362e-01
1.222528293728828430e-01
-1.404385417699813843e-01
-1.272311359643936157e-01
-1.242412328720092773e-01
1.008769217878580093e-02
-5.436267331242561340e-02
-4.725313920062035322e-04
2.890415489673614502e-01
-6.221127510070800781e-02
2.952455170452594757e-02
-1.340885013341903687e-01
3.353097289800643921e-02
4.934004321694374084e-02
2.732537686824798584e-01
-1.639113277196884155e-01
1.658202894032001495e-02
1.528652310371398926e-01
-1.955875158309936523e-01
6.413164734840393066e-02
6.371209025382995605e-02
-2.744190096855163574e-01
-1.462167948484420776e-01
-1.054735854268074036e-01
1.512690186500549316e-01
-2.137902826070785522e-01
1.249813474714756012e-02
-1.043970957398414612e-01
7.838661223649978638e-02
5.530975759029388428e-02
2.260630019009113312e-02
-9.316906332969665527e-03
-3.945470228791236877e-02
1.255552191287279129e-02
-2.051112353801727295e-01
-2.494009286165237427e-01
-1.409431993961334229e-01
4.205017164349555969e-02
5.504073575139045715e-02
2.070630788803100586e-01
-3.390787243843078613e-01
-2.075725048780441284e-01
-1.253858804702758789e-01
-6.522067822515964508e-03
-3.282938301563262939e-01
8.648964762687683105e-02
-2.371437996625900269e-01
1.552944928407669067e-01
2.724932730197906494e-01
1.486492455005645752e-01
5.061228200793266296e-02
8.180809020996093750e-02
-1.246929168701171875e-01
3.369516879320144653e-02
-9.939951449632644653e-02
1.460082232952117920e-01
4.730820283293724060e-02
4.835917800664901733e-02
-1.029028743505477905e-02
-7.471261918544769287e-02
6.292758882045745850e-02
-1.030359044671058655e-01
1.467659175395965576e-01
1.511252392083406448e-02
-1.445311680436134338e-02
-1.536262780427932739e-01
9.773714840412139893e-02
1.025492921471595764e-01
-1.520725339651107788e-02
-1.442809998989105225e-01
1.214381754398345947e-01
1.224036738276481628e-01
6.610131263732910156e-02
-8.397059887647628784e-02
1.444346159696578979e-01
3.333188360556960106e-03
8.671578764915466309e-02
-2.499348372220993042e-01
-2.203814089298248291e-01
-2.924220077693462372e-02
9.299086034297943115e-02
-1.345752030611038208e-01
5.937100574374198914e-02
9.419651329517364502e-02
-1.442558914422988892e-01
-3.853122238069772720e-03
-4.489373415708541870e-02
-1.474575102329254150e-01
6.854487955570220947e-02
-1.811048984527587891e-01
-9.106880426406860352e-02
6.160030141472816467e-02
-1.368280202150344849e-01
9.708339720964431763e-02
1.159882768988609314e-01
-1.372187435626983643e-01
-1.160207018256187439e-01
7.943455874919891357e-02
6.179375573992729187e-02
1.976469904184341431e-01
-2.331995964050292969e-02
2.614575922489166260e-01
8.397684246301651001e-02
1.180516108870506287e-01
8.248699456453323364e-02
-7.258430588990449905e-03
-1.401797980070114136e-01
3.988378867506980896e-02
-7.854326814413070679e-02
-8.591050654649734497e-02
-5.490165669471025467e-03
-1.923638284206390381e-01
-1.060179062187671661e-02
5.170493945479393005e-02
-8.145107328891754150e-02
-1.093886345624923706e-01
-9.731741994619369507e-02
-1.043441593647003174e-01
-5.191419273614883423e-02
1.658090353012084961e-01
-1.080349311232566833e-01
-1.355444192886352539e-01
-1.754625290632247925e-01
1.254889965057373047e-01
-8.178871124982833862e-02
-1.027778089046478271e-01
-1.919986605644226074e-01
1.413764357566833496e-01
5.811819434165954590e-02
-4.724509268999099731e-02
1.078900992870330811e-01
-2.055195569992065430e-01
1.041791588068008423e-01
6.240504980087280273e-02
1.802308708429336548e-01
-1.612653881311416626e-01
1.644040197134017944e-01
-1.451119482517242432e-01
-7.145948708057403564e-02
-2.030645906925201416e-01
-8.447857946157455444e-02
-1.179357394576072693e-01
-2.440797090530395508e-01
2.349607348442077637e-01
1.571133732795715332e-01
-8.115500956773757935e-02
4.961666092276573181e-02
1.745356917381286621e-01
1.080125495791435242e-01
1.051759067922830582e-02
2.146260440349578857e-01
-2.412381954491138458e-02
1.416394710540771484e-01
-2.662223279476165771e-01
7.366670668125152588e-02
-1.411509662866592407e-01
-1.427681893110275269e-01
-1.335640698671340942e-01
-1.085353940725326538e-01
2.383807115256786346e-02
1.332262009382247925e-01
-1.734508574008941650e-01
7.108725607395172119e-02
1.139421854168176651e-02
-1.015979647636413574e-01
-1.915456652641296387e-01
-8.525530993938446045e-02
1.499035954475402832e-01
-1.880273669958114624e-01
7.002981752157211304e-02
-4.734861478209495544e-02
9.828362613916397095e-02
-1.821305453777313232e-01
3.003160841763019562e-02
-9.996081888675689697e-02
8.165601640939712524e-02
-1.493888199329376221e-01
-6.908966600894927979e-02
-9.475062042474746704e-02
-1.209432631731033325e-01
-2.707464061677455902e-02
8.782887458801269531e-02
-9.189831325784325600e-04
6.087082996964454651e-02
-9.223852306604385376e-02
-1.285204440355300903e-01
2.247735708951950073e-01
6.459414213895797729e-02
-1.636230945587158203e-01
-7.170300185680389404e-02
1.055357679724693298e-01
2.045118361711502075e-01
-7.843715697526931763e-02
8.644667267799377441e-02
7.944659143686294556e-02
1.745752692222595215e-01
-1.977516412734985352e-01
-1.043018139898777008e-02
4.741112142801284790e-02
1.386738568544387817e-01
-1.048331335186958313e-01
-2.255532592535018921e-01
-1.960544586181640625e-01
-1.235621646046638489e-01
-3.030178882181644440e-02
-1.492452621459960938e-02
7.529085874557495117e-02
2.335400283336639404e-01
1.219769194722175598e-01
1.436932384967803955e-01
-2.141403406858444214e-01
-1.893122680485248566e-02
-1.976711004972457886e-01
5.331784114241600037e-02
2.325034886598587036e-01
-1.467794626951217651e-01
-8.184963464736938477e-02
1.359848827123641968e-01
-1.192081272602081299e-01
-1.899589300155639648e-01
-3.240860998630523682e-02
-2.206246405839920044e-01
3.021654672920703888e-02
1.350098196417093277e-02
-2.259567230939865112e-01
-1.221777871251106262e-02
-9.317263215780258179e-02
1.117509007453918457e-01
-2.987982332706451416e-02
1.570615172386169434e-01
-7.497943006455898285e-04
2.143644094467163086e-01
1.154477000236511230e-01
-5.871627479791641235e-02
1.687821596860885620e-01
1.830011010169982910e-01
-1.283290237188339233e-01
1.444785743951797485e-01
-1.103416979312896729e-01
-1.449298858642578125e-01
-2.189024239778518677e-01
-3.821453079581260681e-03
7.251993566751480103e-02
-1.155137494206428528e-01
1.336319893598556519e-01
1.080757826566696167e-01
4.721063375473022461e-02
1.551147084683179855e-02
4.266498237848281860e-02
-1.541342735290527344e-01
1.098632812500000000e-01
1.868409663438796997e-01
-3.933194652199745178e-02
7.727700471878051758e-02
-8.138110488653182983e-02
1.383285224437713623e-01
-1.477761268615722656e-01
-1.452576834708452225e-03
-8.316123485565185547e-02
-1.417620927095413208e-01
9.637036174535751343e-02
1.607984863221645355e-02
-6.144507601857185364e-02
7.623654603958129883e-02
-1.445667296648025513e-01
3.609586041420698166e-03
1.387974172830581665e-01
-4.549586772918701172e-02
-1.290498226881027222e-01
-2.187999784946441650e-01
-2.974275648593902588e-01
1.420797966420650482e-02
7.059163600206375122e-02
-2.173334956169128418e-01
-1.566466391086578369e-01
1.528435945510864258e-01
-1.995146870613098145e-01
1.525723040103912354e-01
1.392012238502502441e-01
7.803327590227127075e-02
2.108350396156311035e-02
2.398004531860351562e-01
-1.784931868314743042e-01
-8.018612861633300781e-02
6.007928773760795593e-02
-2.029379904270172119e-01
-1.838086694478988647e-01
3.787586838006973267e-02
8.416856825351715088e-02
6.583623588085174561e-02
1.665590554475784302e-01
8.662216365337371826e-02
3.487253561615943909e-02
3.094707801938056946e-02
7.651765644550323486e-02
1.876947730779647827e-01
-1.773254126310348511e-01
-2.260602414608001709e-01
1.502940803766250610e-01
2.094312310218811035e-01
-1.356729269027709961e-01
2.212502360343933105e-01
-4.106696695089340210e-02
-1.735370010137557983e-01
2.264673560857772827e-01
-1.768332272768020630e-01
-1.620565205812454224e-01
8.412621170282363892e-02
-1.601407676935195923e-02
-2.910961955785751343e-02
4.779050871729850769e-02
-2.075164914131164551e-01
8.887504227459430695e-03
-3.047743253409862518e-02
1.867610961198806763e-01
8.303081989288330078e-02
-1.883100718259811401e-01
1.680143922567367554e-01
-1.550959702581167221e-02
-1.129325330257415771e-01
-1.928873062133789062e-01
5.349605530500411987e-02
1.041677817702293396e-01
1.749446541070938110e-01
-5.881632864475250244e-02
-1.600694954395294189e-01
-2.018393874168395996e-01
-1.355109214782714844e-01
-6.017624214291572571e-02
-2.991071045398712158e-01
-6.544476002454757690e-02
1.058857068419456482e-01
3.534003347158432007e-02
1.813496947288513184e-01
-1.212799623608589172e-01
1.814891351386904716e-03
-4.750231653451919556e-02
-1.872161179780960083e-01
-2.639227211475372314e-01
-2.932425141334533691e-01
-4.443008452653884888e-02
-1.566303670406341553e-01
-5.234826356172561646e-02
-2.057978808879852295e-01
-1.873647123575210571e-01
-1.778281927108764648e-01
-3.802289487794041634e-03
-1.436470597982406616e-01
-5.754159018397331238e-02
1.495540291070938110e-01
-3.669027611613273621e-02
-1.927745342254638672e-01
1.876508742570877075e-01
1.328215301036834717e-01
-1.525422483682632446e-01
-3.126539755612611771e-03
-1.033017784357070923e-01
-7.552507519721984863e-02
-1.041532307863235474e-01
-2.046921849250793457e-01
3.819020465016365051e-02
-1.269739419221878052e-01
-9.654551744461059570e-02
-3.831649199128150940e-02
-1.719099096953868866e-02
8.962643146514892578e-02
6.365204602479934692e-02
-7.721193134784698486e-02
1.892320513725280762e-01
-1.440876275300979614e-01
1.671963632106781006e-01
1.275871694087982178e-01
1.995806097984313965e-01
-2.637715637683868408e-02
1.883670538663864136e-01
-1.337428689002990723e-01
-9.670742601156234741e-02
-2.212511003017425537e-01
-1.485277563333511353e-01
-1.724290102720260620e-01
-1.869031637907028198e-01
-1.518719196319580078e-01
1.748531907796859741e-01
-1.432450115680694580e-01
1.495645642280578613e-01
-1.619142144918441772e-01
1.137248799204826355e-02
1.958221942186355591e-01
-2.532848902046680450e-02
1.968616992235183716e-02
-1.322103142738342285e-01
3.822487220168113708e-02
1.245392858982086182e-01
-4.212752357125282288e-02
1.884293556213378906e-01
-2.575007453560829163e-02
-1.284326463937759399e-01
-4.780631884932518005e-02
2.080375552177429199e-01
2.311189472675323486e-01
-1.749118268489837646e-01
-1.055459231138229370e-01
4.281261563301086426e-02
-4.146403074264526367e-02
1.788356602191925049e-01
1.775098741054534912e-01
1.644396036863327026e-01
-7.723658531904220581e-02
-1.690292805433273315e-01
1.837795078754425049e-01
1.604575812816619873e-01
5.720110237598419189e-02
1.690077781677246094e-01
1.543161571025848389e-01
1.281342506408691406e-01
5.639667436480522156e-02
4.683986306190490723e-02
1.141166016459465027e-01
2.307363040745258331e-02
-1.263505369424819946e-01
-5.572959035634994507e-02
-2.425495088100433350e-01
-1.328822076320648193e-01
-2.095254510641098022e-01
-1.059317663311958313e-01
-1.807990372180938721e-01
-1.940708309412002563e-01
-1.502333581447601318e-01
-1.052386164665222168e-01
-1.652756780385971069e-01
-2.016514539718627930e-02
1.995781622827053070e-02
-9.109396487474441528e-02
1.838971823453903198e-01
1.398363858461380005e-01
2.211634069681167603e-01
1.576964408159255981e-01
-5.507459118962287903e-02
1.290882676839828491e-01
-2.306036502122879028e-01
-1.660748273134231567e-01
-8.716025948524475098e-02
1.036962196230888367e-01
2.136734724044799805e-01
-9.337016940116882324e-02
2.454632520675659180e-01
1.860117167234420776e-01
1.021251603960990906e-01
-1.345830708742141724e-01
-2.286731451749801636e-01
-1.487922370433807373e-01
-1.477798670530319214e-01
-4.408853128552436829e-02
1.439085304737091064e-01
5.773717910051345825e-02
-7.918625324964523315e-02
5.699134990572929382e-02
-1.246679499745368958e-01
9.204381704330444336e-02
-1.428148299455642700e-01
1.701566278934478760e-01
4.217774048447608948e-02
-1.964192390441894531e-01
1.354221105575561523e-01
2.019205316901206970e-02
1.780197955667972565e-02
2.011910676956176758e-01
-1.475925371050834656e-02
-2.494385987520217896e-01
-2.922609634697437286e-02
1.869342327117919922e-01
-2.733873948454856873e-02
7.759732007980346680e-02
-8.592493087053298950e-02
-1.986439079046249390e-01
8.605708926916122437e-02
2.075390368700027466e-01
-1.831913441419601440e-01
2.393185645341873169e-01
-7.834114134311676025e-02
-2.638165056705474854e-01
6.667390000075101852e-03
4.011533781886100769e-02
-1.399490982294082642e-01
8.664733171463012695e-02
1.873906403779983521e-01
4.201246798038482666e-02
5.267062690109014511e-03
2.288739979267120361e-01
-6.609906256198883057e-02
-2.480475157499313354e-01
-1.323020756244659424e-01
2.204017341136932373e-02
3.905908763408660889e-02
-1.481654867529869080e-02
-4.207400232553482056e-02
6.230734288692474365e-02
1.407305896282196045e-01
-8.576221764087677002e-02
1.021043807268142700e-01
-3.528724610805511475e-02
1.998277008533477783e-01
8.323340862989425659e-02
-2.598613500595092773e-01
-1.126825343817472458e-02
-2.733915857970714569e-02
-2.810988128185272217e-01
2.831253223121166229e-02
1.150056198239326477e-01
-1.486871093511581421e-01
-7.696242630481719971e-02
-3.745722025632858276e-02
6.649371981620788574e-02
-1.097487658262252808e-01
2.049161493778228760e-01
1.374494284391403198e-01
1.635336317121982574e-02
6.834288686513900757e-02
-2.665506303310394287e-01
7.324862480163574219e-02
1.075484156608581543e-01
-2.460002154111862183e-01
-1.617986261844635010e-01
-6.580689549446105957e-02
-1.082705631852149963e-01
-5.509750172495841980e-02
8.106592297554016113e-02
-1.551152914762496948e-01
-3.224896639585494995e-02
2.391005009412765503e-01
-2.205863296985626221e-01
5.071948468685150146e-02
1.921185702085494995e-01
-1.580701470375061035e-01
-2.460103109478950500e-02
-1.733644902706146240e-01
-1.797811686992645264e-01
-6.802063435316085815e-02
-6.622249633073806763e-02
-3.106064628809690475e-03
9.190305322408676147e-02
-2.095236629247665405e-01
8.589853346347808838e-02
-1.736444532871246338e-01
1.200630143284797668e-01
8.378773927688598633e-02
-1.963828504085540771e-01
-1.685809791088104248e-01
1.523152738809585571e-01
9.510667622089385986e-02
5.792435258626937866e-02
-2.500469051301479340e-02
6.980911642313003540e-02
1.522783376276493073e-02
1.890818327665328979e-01
1.693189591169357300e-01
8.674198389053344727e-02
1.615176536142826080e-02
1.629161648452281952e-02
1.139982491731643677e-01
1.716699749231338501e-01
1.459826380014419556e-01
1.352043747901916504e-01
-9.873208589851856232e-03
-2.579648494720458984e-01
-1.296636015176773071e-01
-1.338474173098802567e-02
1.228110194206237793e-01
1.212767362594604492e-01
1.064877677708864212e-02
-5.556278675794601440e-02
9.135038405656814575e-02
-1.548608299344778061e-02
-6.136223673820495605e-02
-3.920450806617736816e-02
2.179880589246749878e-01
6.820684066042304039e-04
-2.509106695652008057e-01
-8.320698887109756470e-02
1.668411940336227417e-01
1.025579944252967834e-01
1.450539678335189819e-01
4.171145148575305939e-03
4.939223825931549072e-02
1.476928442716598511e-01
3.121701069176197052e-02
-2.455588132143020630e-01
-3.068457245826721191e-01
9.869308769702911377e-02
-8.849417418241500854e-02
2.213193029165267944e-01
1.457149237394332886e-01
1.516023278236389160e-01
2.318907342851161957e-02
7.931187748908996582e-03
-1.780502647161483765e-01
-2.390779405832290649e-01
2.774637378752231598e-02
1.718166917562484741e-01
1.825842112302780151e-01
1.858225613832473755e-01
-1.656294986605644226e-02
-5.462381616234779358e-02
-6.549594551324844360e-02
-1.763573884963989258e-01
-1.199726164340972900e-01
-2.680975198745727539e-01
6.611546874046325684e-02
-1.010135486721992493e-01
6.226255744695663452e-02
-2.692780457437038422e-02
-1.258509904146194458e-01
1.203784197568893433e-01
1.598718166351318359e-01
3.167946636676788330e-02
-1.297432780265808105e-01
9.040511399507522583e-02
1.622384637594223022e-01
1.882943511009216309e-01
9.757254272699356079e-02
1.626105308532714844e-01
9.759517759084701538e-02
-1.428576856851577759e-01
3.152311593294143677e-02
1.064657270908355713e-01
-5.316317547112703323e-03
-7.430238276720046997e-02
-2.224735766649246216e-01
3.275683615356683731e-03
-6.350275129079818726e-02
-4.032958298921585083e-03
-1.542239449918270111e-02
-1.813736855983734131e-01
-1.900417655706405640e-01
-1.896948218345642090e-01
-8.843445777893066406e-02
-5.911039654165506363e-03
3.573853150010108948e-02
2.389071695506572723e-02
-8.018920570611953735e-02
-4.661051928997039795e-02
3.700800612568855286e-02
1.281504333019256592e-01
-2.015041112899780273e-01
-2.558609843254089355e-01
1.514393389225006104e-01
1.032622829079627991e-01
-1.733732782304286957e-02
1.582939922809600830e-02
2.501983195543289185e-02
1.004230156540870667e-01
-2.088621407747268677e-01
2.155881188809871674e-02
3.062770143151283264e-02
-9.987512230873107910e-02
7.905911654233932495e-02
1.635066270828247070e-01
9.512685239315032959e-02
2.108819037675857544e-02
1.797734797000885010e-01
1.457465887069702148e-01
-9.224144741892814636e-03
-1.267544627189636230e-01
1.119373962283134460e-01
-2.109558433294296265e-01
-9.994667768478393555e-02
5.716751795262098312e-03
1.327026039361953735e-01
-1.976475305855274200e-02
-2.547759711742401123e-01
-1.949850022792816162e-01
-1.087879762053489685e-01
2.258592247962951660e-01
5.126038938760757446e-02
-1.658515036106109619e-01
2.335307300090789795e-01
-1.523844599723815918e-01
5.809740722179412842e-02
4.844906926155090332e-02
-1.192047372460365295e-01
-8.641458302736282349e-02
1.978425234556198120e-01
-1.504201442003250122e-01
1.359530538320541382e-02
4.774754121899604797e-02
-2.229478210210800171e-01
-3.923664987087249756e-02
-5.827567726373672485e-02
-2.136653065681457520e-01
2.073828428983688354e-01
4.497818276286125183e-02
-3.878559917211532593e-02
2.002876102924346924e-01
-3.053790703415870667e-02
-7.317759096622467041e-02
1.629789620637893677e-01
3.868894279003143311e-02
2.358706146478652954e-01
-1.709037572145462036e-01
-8.633616566658020020e-02
8.150760084390640259e-02
2.963239140808582306e-02
1.529770903289318085e-02
1.688184142112731934e-01
-1.122143566608428955e-01
-1.346625536680221558e-01
-4.838489368557929993e-02
-1.038410961627960205e-01
2.086960375308990479e-01
2.326640635728836060e-01
-2.508362233638763428e-01
-4.273343086242675781e-02
9.362713992595672607e-02
-1.887024194002151489e-01
2.057888545095920563e-02
1.265305280685424805e-01
-2.432584464550018311e-01
7.742308080196380615e-02
2.938322164118289948e-02
-2.628261744976043701e-01
1.198371872305870056e-01
1.576822549104690552e-01
-2.048605829477310181e-01
2.026756405830383301e-01
-7.369361072778701782e-02
-2.171625643968582153e-01
3.966514393687248230e-02
-7.307893037796020508e-02
5.101131647825241089e-02
6.453207135200500488e-02
-2.561371028423309326e-02
5.560434609651565552e-02
-2.750061824917793274e-02
1.456054672598838806e-02
-1.883986294269561768e-01
1.691721826791763306e-01
1.194120049476623535e-01
-1.813955903053283691e-01
1.776583939790725708e-01
1.444682180881500244e-01
1.648036539554595947e-01
-4.157185554504394531e-02
-4.826426133513450623e-02
-8.850120753049850464e-02
1.077175438404083252e-01
-1.748722195625305176e-01
-1.718873977661132812e-01
-1.295017600059509277e-01
-2.161020785570144653e-01
-1.597199887037277222e-01
9.354952722787857056e-03
9.198699146509170532e-02
-2.239751666784286499e-01
-6.071943044662475586e-02
-1.106762513518333435e-01
-1.444341987371444702e-01
1.444438248872756958e-01
3.812008723616600037e-02
2.274973839521408081e-01
1.677059084177017212e-01
2.156365811824798584e-01
-1.068434342741966248e-01
-1.668286472558975220e-01
-1.628882884979248047e-01
-6.011388078331947327e-02
5.327583104372024536e-02
-7.201437652111053467e-02
2.204406633973121643e-02
6.917333602905273438e-02
6.253606081008911133e-02
1.048021912574768066e-01
-2.127341777086257935e-01
-2.505583465099334717e-01
-2.378946244716644287e-01
3.933327272534370422e-02
2.406392619013786316e-02
-2.738178335130214691e-02
1.410390734672546387e-01
-8.785173296928405762e-02
1.095104888081550598e-01
-5.109990946948528290e-03
5.602477490901947021e-02
5.425709113478660583e-02
5.983116477727890015e-02
1.633358299732208252e-01
-1.603752672672271729e-01
1.817998588085174561e-01
-4.150344803929328918e-02
-1.915035843849182129e-01
-1.803136467933654785e-01
1.773182153701782227e-01
-1.123512983322143555e-01
1.188077926635742188e-01
2.731971815228462219e-02
-2.443993687629699707e-01
-1.547205299139022827e-01
2.470562905073165894e-01
1.389705985784530640e-01
1.643196195363998413e-01
2.279558330774307251e-01
-1.159940212965011597e-01
-1.738544404506683350e-01
-1.241443157196044922e-01
-2.148652821779251099e-01
-4.633117094635963440e-02
-1.999157667160034180e-01
-6.978926248848438263e-03
-5.296101793646812439e-02
-1.689802259206771851e-01
1.845200657844543457e-01
1.049816515296697617e-02
-2.042193114757537842e-01
6.641108542680740356e-02
-1.636475324630737305e-01
-1.238314509391784668e-01
4.754991084337234497e-02
8.312763273715972900e-02
-1.539993733167648315e-01
2.350067198276519775e-01
-1.666051894426345825e-01
-2.430598437786102295e-02
2.170094251632690430e-01
8.540277928113937378e-02
2.414447022601962090e-03
2.060929238796234131e-01
-1.979201734066009521e-01
1.192838884890079498e-02
1.029165089130401611e-01
-9.199896454811096191e-02
-1.530591547489166260e-01
4.813493043184280396e-02
7.827214151620864868e-02
-1.550712734460830688e-01
-1.148239746689796448e-01
-2.043573707342147827e-01
1.155639588832855225e-01
2.354667484760284424e-01
1.580508351325988770e-01
-1.052409559488296509e-01
-2.958784066140651703e-02
1.597363054752349854e-01
-1.651391983032226562e-01
-1.977477669715881348e-01
-5.327885225415229797e-02
1.265363395214080811e-01
1.762513518333435059e-01
5.306193605065345764e-03
-1.121690347790718079e-01
2.455654554069042206e-02
-4.560527205467224121e-02
-1.371091604232788086e-01
-1.276806890964508057e-01
-1.433826833963394165e-01
-1.152689680457115173e-01
-2.212958037853240967e-01
-1.989603638648986816e-01
-1.808147877454757690e-02
2.507291175425052643e-02
-1.508111953735351562e-01
1.134608834981918335e-01
3.855050774291157722e-03
1.134253293275833130e-02
1.543782502412796021e-01
-1.190320253372192383e-01
2.176358550786972046e-01
1.813452988862991333e-01
-6.046389415860176086e-02
1.360313445329666138e-01
6.027772650122642517e-02
2.100674510002136230e-01
-1.078371107578277588e-01
-2.520426362752914429e-02
-3.972382843494415283e-02
1.667165905237197876e-01
5.035512149333953857e-02
1.982071846723556519e-01
-1.367676556110382080e-01
-5.971466749906539917e-02
-1.870658099651336670e-01
-1.377869546413421631e-01
7.994729280471801758e-02
-1.985274851322174072e-01
-1.615605950355529785e-01
-1.284551918506622314e-01
9.155722707509994507e-02
1.081442683935165405e-01
2.153405733406543732e-02
-1.461163163185119629e-01
-1.309096366167068481e-01
-3.010725602507591248e-02
-1.182384341955184937e-01
1.937521398067474365e-01
7.480370998382568359e-02
1.575561463832855225e-01
-1.080913469195365906e-01
2.744570076465606689e-01
-1.511334329843521118e-01
-3.216870129108428955e-02
-2.814493477344512939e-01
1.018870323896408081e-01
-8.579671382904052734e-02
-1.740745753049850464e-01
1.443371027708053589e-01
1.201042085886001587e-01
9.162051230669021606e-02
-2.126211971044540405e-01
7.369384169578552246e-02
-2.297295033931732178e-01
-2.297025024890899658e-01
1.820273995399475098e-01
-5.466198921203613281e-02
2.874235510826110840e-01
1.788986772298812866e-01
1.713173985481262207e-01
7.179972529411315918e-02
1.741409674286842346e-02
1.315094828605651855e-01
1.180815920233726501e-01
1.353772133588790894e-01
1.233471371233463287e-02
8.453925140202045441e-03
-1.051153540611267090e-01
-9.318754076957702637e-02
-1.190937459468841553e-01
-2.041638344526290894e-01
-8.437452837824821472e-03
5.056523531675338745e-02
-1.798668876290321350e-02
-1.210189089179039001e-01
-1.587990522384643555e-01
-1.723830997943878174e-01
-1.104648038744926453e-01
-9.260451793670654297e-02
-1.058628112077713013e-01
-2.075127363204956055e-01
1.407766044139862061e-01
-3.890817239880561829e-02
-1.899951249361038208e-01
1.167020797729492188e-01
-1.970476508140563965e-01
-7.748591154813766479e-02
2.749508246779441833e-02
-4.863452631980180740e-03
-9.008134901523590088e-02
-1.570246964693069458e-01
1.359897553920745850e-01
1.836952418088912964e-01
-1.511131674051284790e-01
1.150251254439353943e-01
-2.167318165302276611e-01
5.530021712183952332e-02
1.923801153898239136e-01
-1.601654440164566040e-01
-7.973965257406234741e-02
1.079427152872085571e-01
2.529668509960174561e-01
4.076183587312698364e-02
-2.604247331619262695e-01
7.126463204622268677e-02
1.496090292930603027e-01
1.169310361146926880e-01
-1.754895150661468506e-01
-2.284387946128845215e-01
1.746399998664855957e-01
-5.487550422549247742e-02
-5.240128934383392334e-02
-9.252670407295227051e-02
-2.623672187328338623e-01
1.814498603343963623e-01
1.991244256496429443e-01
1.656771637499332428e-02
-2.556847631931304932e-01
2.046567648649215698e-01
-1.529506873339414597e-02
-6.897572427988052368e-02
-2.177751064300537109e-01
-2.425777958706021309e-03
1.490128189325332642e-01
1.502446383237838745e-01
-1.264664679765701294e-01
-1.581280976533889771e-01
-8.197585493326187134e-02
2.179022431373596191e-01
-8.964620530605316162e-03
-2.238095551729202271e-01
-7.741660345345735550e-03
9.283764660358428955e-02
-1.522388607263565063e-01
-3.135989606380462646e-02
3.413250297307968140e-02
-8.218070119619369507e-02
2.034438848495483398e-01
-1.380151063203811646e-01
8.393865823745727539e-02
-4.191014543175697327e-02
3.837623074650764465e-02
9.941984713077545166e-02
6.916642934083938599e-02
-2.893363498151302338e-02
-6.326366215944290161e-02
-1.221262011677026749e-02
-1.616353541612625122e-01
1.023118719458580017e-01
1.750831305980682373e-01
-2.390479296445846558e-02
-2.475685030221939087e-01
1.181806102395057678e-01
-6.988119333982467651e-02
-6.896453350782394409e-02
9.233523160219192505e-02
-1.534388512372970581e-01
-1.903741955757141113e-01
4.372318461537361145e-02
6.705704331398010254e-02
-1.771944612264633179e-01
1.079133003950119019e-01
-1.413075029850006104e-01
-9.972747415304183960e-02
1.254715919494628906e-01
-5.196869373321533203e-02
-5.965150892734527588e-03
2.579165063798427582e-02
2.404202334582805634e-02
3.321826085448265076e-02
2.399531602859497070e-01
-7.743907719850540161e-02
-6.309555470943450928e-02
-1.736196689307689667e-02
-2.848791182041168213e-01
-1.170282810926437378e-01
2.367875427007675171e-01
1.440954357385635376e-01
4.665681719779968262e-02
6.896043568849563599e-02
1.392133384943008423e-01
-2.673087418079376221e-01
-5.544408410787582397e-02
-1.583794951438903809e-01
7.080009579658508301e-02
2.337842434644699097e-01
-6.231651455163955688e-02
-1.607757210731506348e-01
8.890937082469463348e-03
1.482539176940917969e-01
-2.558195888996124268e-01
2.077486515045166016e-01
-2.756298482418060303e-01
-1.986686289310455322e-01
1.286360323429107666e-01
1.157353073358535767e-01
2.706274688243865967e-01
-1.603822559118270874e-01
1.090031713247299194e-01
7.541260123252868652e-02
-3.834832087159156799e-02
-1.906988918781280518e-01
-2.253696322441101074e-01
-3.300497308373451233e-02
-1.043357774615287781e-01
-1.576679646968841553e-01
-6.358920782804489136e-02
-1.092681512236595154e-01
-4.325184971094131470e-03
-2.608749317005276680e-03
1.236074715852737427e-01
-1.733784824609756470e-01
1.849403530359268188e-01
2.486255206167697906e-02
-1.147343292832374573e-01
-7.088147569447755814e-03
-1.519178450107574463e-01
-1.722728461027145386e-01
-1.825245320796966553e-01
-2.560423687100410461e-02
-4.141787439584732056e-02
-2.334926724433898926e-01
-6.823346018791198730e-02
5.070849135518074036e-02
2.263113558292388916e-01
1.295732408761978149e-01
-4.317101836204528809e-02
1.969716697931289673e-01
-1.891444772481918335e-01
1.810074448585510254e-01
9.642966091632843018e-02
2.161450833082199097e-01
1.083642318844795227e-01
-8.885192871093750000e-02
1.891777664422988892e-01
2.560010738670825958e-02
-3.350497782230377197e-02
-5.265644192695617676e-02
-2.050660848617553711e-01
-7.804945856332778931e-02
1.536235064268112183e-01
8.529497683048248291e-02
1.590332090854644775e-01
-1.503933817148208618e-01
-1.185492575168609619e-01
-8.187636733055114746e-02
2.578624524176120758e-03
-1.052670404314994812e-01
-1.632809937000274658e-01
1.292957365512847900e-01
2.660276293754577637e-01
2.030038833618164062e-01
-2.912785708904266357e-01
-2.694922983646392822e-01
2.471106499433517456e-02
1.912778615951538086e-01
-2.559650540351867676e-01
-2.347354963421821594e-02
-2.647907435894012451e-01
-9.259687364101409912e-02
8.766946941614151001e-02
-2.528942823410034180e-01
-5.717068538069725037e-02
2.141186743974685669e-01
-9.936525672674179077e-02
-1.875902265310287476e-01
-1.995086818933486938e-01
-5.566645413637161255e-02
-1.022884715348482132e-02
2.794720530509948730e-01
-1.334485560655593872e-01
1.650511920452117920e-01
-4.642067069653421640e-04
2.615351974964141846e-01
6.204571947455406189e-02
-1.239290367811918259e-02
-8.925101161003112793e-02
1.580577641725540161e-01
-2.567053437232971191e-01
1.162697672843933105e-01
-1.245030611753463745e-01
1.232290789484977722e-01
6.941455602645874023e-02
-1.133010163903236389e-01
5.610238015651702881e-02
-2.235506772994995117e-01
1.998745463788509369e-02
6.042801588773727417e-02
1.116603463888168335e-01
1.283908933401107788e-01
8.895970135927200317e-02
-3.158925101161003113e-02
-9.564283490180969238e-02
-6.664998084306716919e-02
-8.341076225042343140e-02
-7.461262494325637817e-02
-1.719046235084533691e-01
6.888809800148010254e-02
1.554504483938217163e-01
1.120382547378540039e-01
1.046542897820472717e-01
-9.769638627767562866e-02
-6.061968579888343811e-02
-1.710544228553771973e-01
1.168191209435462952e-01
1.789036095142364502e-01
1.969637721776962280e-01
-1.388289481401443481e-01
-1.151349544525146484e-01
-1.531525999307632446e-01
6.772810965776443481e-02
9.437258541584014893e-02
-1.899272650480270386e-01
-3.278201818466186523e-02
2.780774235725402832e-02
2.014895677566528320e-01
2.570011094212532043e-02
4.867795109748840332e-02
-1.421042531728744507e-01
-3.524283180013298988e-03
1.609660089015960693e-01
-2.138170897960662842e-01
5.883901193737983704e-02
2.448365539312362671e-01
-9.406623244285583496e-02
-1.373586356639862061e-01
-2.027112841606140137e-01
1.774405241012573242e-01
7.474692910909652710e-02
-1.080105751752853394e-01
-4.256022348999977112e-02
-2.191587686538696289e-01
1.522660851478576660e-01
8.333250880241394043e-02
-6.523061543703079224e-02
-7.157791405916213989e-02
1.167406067252159119e-01
2.027880549430847168e-01
1.053121089935302734e-01
-2.249124459922313690e-02
-2.181246727705001831e-01
-7.068399339914321899e-02
2.343840152025222778e-02
-1.431555747985839844e-01
-9.328600764274597168e-02
-7.022674381732940674e-02
1.776423454284667969e-01
9.270130656659603119e-03
5.916033685207366943e-02
-2.168315798044204712e-01
9.378694742918014526e-02
1.503064930438995361e-01
-2.569668367505073547e-02
-4.194136708974838257e-02
3.170185908675193787e-02
1.077139601111412048e-01
-1.467534899711608887e-01
4.209437593817710876e-02
1.801566332578659058e-01
1.462938487529754639e-01
1.202906668186187744e-01
-6.088772043585777283e-02
-6.681343168020248413e-02
1.651245653629302979e-01
6.021993979811668396e-02
-5.142558831721544266e-03
-6.314586102962493896e-02
-1.928957849740982056e-01
4.102108255028724670e-02
-4.647601395845413208e-02
-9.184932708740234375e-02
-2.025817930698394775e-01
-1.462245918810367584e-02
-6.737244874238967896e-02
-1.228818669915199280e-01
1.755165159702301025e-01
3.373896703124046326e-03
-8.299849182367324829e-02
8.795706927776336670e-02
1.432260423898696899e-01
1.723074018955230713e-01
8.640437573194503784e-02
1.331462152302265167e-02
3.734150528907775879e-02
8.947359025478363037e-02
-6.368470191955566406e-02
2.144465893507003784e-01
5.476357787847518921e-02
1.142704933881759644e-01
2.219753712415695190e-01
2.600911632180213928e-02
-1.903279870748519897e-01
5.699315294623374939e-02
-2.657441794872283936e-02
-1.365544348955154419e-01
-3.599365428090095520e-02
1.697157770395278931e-01
-2.205392271280288696e-01
1.177692338824272156e-01
8.251812309026718140e-02
-2.321858555078506470e-01
-1.258705109357833862e-01
-3.962872922420501709e-02
-1.076038479804992676e-01
1.129611432552337646e-01
3.195681422948837280e-02
5.487068742513656616e-02
-2.593418583273887634e-03
6.234763190150260925e-03
-1.549448221921920776e-01
