-1.0526039600372314
-0.9816663265228271
-0.7625434994697571
-1.306599497795105
-1.2393622398376465
-1.032388687133789
-1.1954764127731323
-1.2071502208709717
-1.0623714923858643
-0.9097314476966858
-1.1105142831802368
-1.0773628950119019
-0.43348973989486694
-0.8045004606246948
-0.9274488687515259
-0.10012055933475494
-0.5145926475524902
-0.7625434994697571
0.2173740118741989
-0.25689688324928284
-0.5826466083526611
0.3126223683357239
-0.2085789293050766
-0.5076895952224731
0.37612125277519226
-0.09583701938390732
-0.37276700139045715
0.37612125277519226
-0.04751906171441078
-0.31280139088630676
0.09037623554468155
-0.3213208317756653
-0.5526638031005859
-0.004872224759310484
-0.38574478030204773
-0.5676552057266235
0.264998197555542
-0.12804900109767914
-0.34278419613838196
0.296747624874115
-0.17636695504188538
-0.41774120926856995
0.18562456965446472
-0.28910887241363525
-0.5226809978485107
0.05862678959965706
-0.41795676946640015
-0.6426122188568115
0.18562456965446472
-0.27300286293029785
-0.5226809978485107
0.13800039887428284
-0.27300286293029785
-0.5676552057266235
-0.020746948197484016
-0.41795676946640015
-0.7475520372390747
0.2173740118741989
-0.16026097536087036
-0.5376724004745483
0.2173740118741989
-0.17636695504188538
-0.5826466083526611
0.12212567776441574
-0.28910887241363525
-0.6725950241088867
0.16974985599517822
-0.28910887241363525
-0.5976380109786987
0.2173740118741989
-0.24079090356826782
-0.5526638031005859
0.42374542355537415
-0.04751906171441078
-0.37276700139045715
0.5983673930168152
0.1296469122171402
-0.20786158740520477
0.6777409911155701
0.21017684042453766
-0.08793038874864578
0.5348684787750244
0.09743493795394897
-0.17787879705429077
0.5189937353134155
0.11354092508554459
-0.14789599180221558
0.5189937353134155
0.1457529067993164
-0.08793038874864578
0.42374542355537415
0.03301087021827698
-0.17787879705429077
0.36024653911590576
0.016904884949326515
-0.16288739442825317
-1.7352172136306763
-1.6581178903579712
-1.407173752784729
-1.9892127513885498
-1.980237603187561
-1.707001805305481
-1.7034677267074585
-1.8513896465301514
-1.707001805305481
-1.179601788520813
-1.545375943183899
-1.5870705842971802
-0.5922369956970215
-1.158832311630249
-1.3921823501586914
-0.08424583822488785
-0.6595465540885925
-1.0623714923858643
0.042752064764499664
-0.546804666519165
-1.032388687133789
0.02687722072005272
-0.5951226353645325
-1.0473800897598267
0.011002498678863049
-0.5790166258811951
-0.9574317336082458
-0.14774473011493683
-0.70786452293396
-1.0473800897598267
-0.3064919710159302
-0.8528183698654175
-1.1523199081420898
-0.38586556911468506
-0.9011363387107849
-1.182302713394165
-0.3223666846752167
-0.8528183698654175
-1.1673113107681274
-0.1953689008951187
-0.7883944511413574
-1.182302713394165
-0.2588678002357483
-0.8528183698654175
-1.2122855186462402
-0.2112436294555664
-0.8206064105033875
-1.1523199081420898
-0.10012055933475494
-0.70786452293396
-1.0473800897598267
-0.2588678002357483
-0.8367124199867249
-1.2122855186462402
-0.3223666846752167
-0.8689243793487549
-1.3022339344024658
-0.004872224759310484
-0.546804666519165
-1.0173972845077515
0.02687722072005272
-0.4984866976737976
-1.0173972845077515
-0.05249639227986336
-0.6112285852432251
-1.1223371028900146
0.09037623554468155
-0.546804666519165
-1.0024060010910034
-0.020746948197484016
-0.6595465540885925
-1.0923542976379395
-0.06837111711502075
-0.70786452293396
-1.1523199081420898
0.09037623554468155
-0.546804666519165
-0.987414538860321
0.10625095665454865
-0.5145926475524902
-0.9124574661254883
0.12212567776441574
-0.4662747085094452
-0.8375004529953003
0.12212567776441574
-0.43406274914741516
-0.8075176477432251
-0.03662167116999626
-0.5629106163978577
-0.8824746608734131
-0.10012055933475494
-0.6434405446052551
-0.9574317336082458
-0.05249639227986336
-0.5790166258811951
-0.8524918556213379
-1.5923446416854858
-1.5936938524246216
-1.3921823501586914
-1.7352172136306763
-1.8674956560134888
-1.707001805305481
-1.2113511562347412
-1.545375943183899
-1.5870705842971802
-0.6716105937957764
-1.1749382019042969
-1.3621995449066162
-0.2429930716753006
-0.8206064105033875
-1.0923542976379395
0.05862678959965706
-0.4984866976737976
-0.8974660634994507
0.07450151443481445
-0.4823807179927826
-0.8824746608734131
-0.06837111711502075
-0.6595465540885925
-1.0024060010910034
-0.1953689008951187
-0.74007648229599
-1.0623714923858643
-0.2112436294555664
-0.7239705324172974
-1.0473800897598267
-0.2112436294555664
-0.70786452293396
-1.0173972845077515
-0.3064919710159302
-0.77228844165802
-1.032388687133789
-0.3223666846752167
-0.8045004606246948
-1.1373285055160522
0.042752064764499664
-0.4984866976737976
-0.987414538860321
-0.020746948197484016
-0.5790166258811951
-1.0024060010910034
0.07450151443481445
-0.4984866976737976
-0.8674832582473755
0.02687722072005272
-0.546804666519165
-0.8674832582473755
-0.05249639227986336
-0.6112285852432251
-0.9424402713775635
-0.16361945867538452
-0.70786452293396
-1.0623714923858643
-0.08424583822488785
-0.6112285852432251
-1.0024060010910034
0.07450151443481445
-0.4501687288284302
-0.8974660634994507
0.09037623554468155
-0.43406274914741516
-0.8824746608734131
0.2173740118741989
-0.3374268114566803
-0.7775349020957947
0.02687722072005272
-0.5306986570358276
-0.9424402713775635
0.011002498678863049
-0.546804666519165
-0.9724231362342834
0.02687722072005272
-0.546804666519165
-0.9574317336082458
0.07450151443481445
-0.4984866976737976
-0.9124574661254883
0.264998197555542
-0.28910887241363525
-0.6875864267349243
0.07450151443481445
-0.4662747085094452
-0.8375004529953003
-0.11599528789520264
-0.6273345947265625
-0.9574317336082458
-0.08424583822488785
-0.6273345947265625
-0.9574317336082458
-0.2588678002357483
-0.8045004606246948
-1.0773628950119019
-1.4653466939926147
-1.5775879621505737
-1.4521479606628418
-1.3859730958938599
-1.6581178903579712
-1.6470361948013306
-0.6081116795539856
-1.1105142831802368
-1.332216739654541
-0.3064919710159302
-0.9655603766441345
-1.2872425317764282
-0.16361945867538452
-0.8528183698654175
-1.2122855186462402
-0.13187001645565033
-0.7883944511413574
-1.182302713394165
-0.17949417233467102
-0.8206064105033875
-1.1523199081420898
-0.3223666846752167
-0.9816663265228271
-1.2122855186462402
-0.2906172275543213
-0.8850303888320923
-1.2122855186462402
-0.06837111711502075
-0.6273345947265625
-1.032388687133789
-0.004872224759310484
-0.5306986570358276
-0.9124574661254883
-0.2588678002357483
-0.77228844165802
-1.107345700263977
-0.1953689008951187
-0.74007648229599
-1.1373285055160522
0.3284970819950104
-0.28910887241363525
-0.8375004529953003
0.12212567776441574
-0.5145926475524902
-1.0024060010910034
0.02687722072005272
-0.6273345947265625
-1.032388687133789
-0.11599528789520264
-0.7561824917793274
-1.107345700263977
-0.13187001645565033
-0.7561824917793274
-1.0923542976379395
0.02687722072005272
-0.5790166258811951
-0.9274488687515259
-0.05249639227986336
-0.6756525635719299
-1.0623714923858643
0.10625095665454865
-0.4984866976737976
-0.9424402713775635
0.18562456965446472
-0.38574478030204773
-0.8375004529953003
0.16974985599517822
-0.38574478030204773
-0.8524918556213379
0.09037623554468155
-0.4823807179927826
-0.9274488687515259
-0.020746948197484016
-0.5951226353645325
-1.0473800897598267
0.07450151443481445
-0.5145926475524902
-0.9574317336082458
0.10625095665454865
-0.5306986570358276
-0.9724231362342834
0.15387512743473053
-0.4823807179927826
-0.9424402713775635
0.07450151443481445
-0.5306986570358276
-0.9574317336082458
-0.004872224759310484
-0.5790166258811951
-0.9574317336082458
-0.06837111711502075
-0.6112285852432251
-0.987414538860321
-0.4969886243343353
-0.9816663265228271
-1.182302713394165
-1.1954764127731323
-1.4648460149765015
-1.3921823501586914
-1.0526039600372314
-1.4648460149765015
-1.5420963764190674
-0.36999085545539856
-0.9333483576774597
-1.1972941160202026
0.02687722072005272
-0.70786452293396
-1.1223371028900146
-0.020746948197484016
-0.74007648229599
-1.1673113107681274
-0.06837111711502075
-0.74007648229599
-1.1673113107681274
-0.08424583822488785
-0.7239705324172974
-1.107345700263977
-0.17949417233467102
-0.7883944511413574
-1.1223371028900146
-0.2906172275543213
-0.8206064105033875
-1.1972941160202026
-0.004872224759310484
-0.5629106163978577
-0.9724231362342834
0.05862678959965706
-0.546804666519165
-0.9424402713775635
-0.3064919710159302
-0.8850303888320923
-1.2422683238983154
-0.2747425138950348
-0.8367124199867249
-1.2122855186462402
-0.020746948197484016
-0.6434405446052551
-1.0773628950119019
-0.06837111711502075
-0.7239705324172974
-1.1223371028900146
-0.2747425138950348
-0.8850303888320923
-1.2722511291503906
-0.43348973989486694
-0.9333483576774597
-1.3621995449066162
-0.2429930716753006
-0.7883944511413574
-1.1523199081420898
-0.13187001645565033
-0.6917585134506226
-0.9724231362342834
-0.08424583822488785
-0.6917585134506226
-1.0923542976379395
0.13800039887428284
-0.4823807179927826
-0.9574317336082458
0.2332487404346466
-0.27300286293029785
-0.7175692319869995
0.09037623554468155
-0.4501687288284302
-0.8375004529953003
0.2491234689950943
-0.40185075998306274
-0.7175692319869995
0.15387512743473053
-0.4984866976737976
-0.9424402713775635
0.02687722072005272
-0.6273345947265625
-1.032388687133789
-0.06837111711502075
-0.70786452293396
-1.0923542976379395
-0.10012055933475494
-0.70786452293396
-1.107345700263977
-0.35411614179611206
-0.9011363387107849
-1.2272769212722778
-0.6081116795539856
-1.0621963739395142
-1.3022339344024658
-0.7986083626747131
-1.223256230354309
-1.3621995449066162
-0.9256061315536499
-1.3037861585617065
-1.332216739654541
-0.8621072769165039
-1.2071502208709717
-1.2722511291503906
-0.6557358503341675
-1.1266202926635742
-1.3472081422805786
-0.2429930716753006
-0.8045004606246948
-1.1523199081420898
0.05862678959965706
-0.6595465540885925
-1.1373285055160522
0.16974985599517822
-0.5629106163978577
-1.032388687133789
0.09037623554468155
-0.6273345947265625
-1.0773628950119019
0.05862678959965706
-0.6273345947265625
-1.0623714923858643
-0.10012055933475494
-0.74007648229599
-1.1523199081420898
-0.2747425138950348
-0.8528183698654175
-1.2122855186462402
-0.05249639227986336
-0.6595465540885925
-1.0473800897598267
-0.03662167116999626
-0.6756525635719299
-1.1223371028900146
-0.3223666846752167
-0.9333483576774597
-1.332216739654541
-0.2906172275543213
-0.8206064105033875
-1.2422683238983154
-0.2271183431148529
-0.74007648229599
-1.2422683238983154
-0.2747425138950348
-0.7883944511413574
-1.1972941160202026
-0.43348973989486694
-0.9333483576774597
-1.3022339344024658
-0.4969886243343353
-0.9816663265228271
-1.3921823501586914
-0.44936448335647583
-0.9655603766441345
-1.2272769212722778
-0.6716105937957764
-1.0783023834228516
-1.1373285055160522
-0.5922369956970215
-1.0460903644561768
-1.1673113107681274
-0.36999085545539856
-0.8850303888320923
-1.0773628950119019
-0.44936448335647583
-0.8689243793487549
-1.0173972845077515
-0.5922369956970215
-1.1105142831802368
-1.1673113107681274
-0.11599528789520264
-0.7883944511413574
-0.6276208162307739
0.2332487404346466
-0.43406274914741516
-0.5226809978485107
0.16974985599517822
-0.41795676946640015
-0.7475520372390747
-0.08424583822488785
-0.6917585134506226
-1.032388687133789
-0.2906172275543213
-0.8850303888320923
-1.1972941160202026
-0.5922369956970215
-1.1105142831802368
-1.3472081422805786
-0.9256061315536499
-1.3521040678024292
-1.482130765914917
-1.4335973262786865
-1.8191777467727661
-1.707001805305481
-1.4812214374542236
-1.770859718322754
-1.6470361948013306
-0.44936448335647583
-0.8689243793487549
-1.107345700263977
-0.2271183431148529
-0.77228844165802
-1.1673113107681274
-0.03662167116999626
-0.6112285852432251
-1.0623714923858643
0.07450151443481445
-0.6273345947265625
-1.1373285055160522
0.16974985599517822
-0.5629106163978577
-1.0473800897598267
0.10625095665454865
-0.6434405446052551
-1.107345700263977
-0.05249639227986336
-0.7883944511413574
-1.257259726524353
-0.06837111711502075
-0.7883944511413574
-1.2422683238983154
0.02687722072005272
-0.6434405446052551
-1.0173972845077515
0.20149929821491241
-0.4662747085094452
-0.8974660634994507
-0.020746948197484016
-0.70786452293396
-1.1972941160202026
-0.08424583822488785
-0.70786452293396
-1.1223371028900146
-0.2906172275543213
-0.8367124199867249
-1.1972941160202026
-0.7192347645759583
-1.1749382019042969
-1.4971221685409546
-0.9097314476966858
-1.2876801490783691
-1.4521479606628418
-0.814483106136322
-1.319892168045044
-1.4521479606628418
-0.38586556911468506
-1.158832311630249
-1.3921823501586914
-0.3223666846752167
-1.0783023834228516
-1.3621995449066162
-0.9573556184768677
-1.384316086769104
-1.4671393632888794
-1.0684787034988403
-1.4004220962524414
-1.4221651554107666
-0.9891051054000854
-1.384316086769104
-1.4371565580368042
-0.7509841918945312
-1.158832311630249
-1.2422683238983154
0.16974985599517822
-0.4823807179927826
-0.46271541714668274
-0.05249639227986336
-0.8850303888320923
-0.5076895952224731
0.2173740118741989
-0.5951226353645325
-0.5226809978485107
0.40787070989608765
-0.27300286293029785
-0.6725950241088867
0.05862678959965706
-0.5790166258811951
-0.9724231362342834
-0.2747425138950348
-0.8850303888320923
-1.1673113107681274
-0.48111391067504883
-1.0299843549728394
-1.2722511291503906
-0.46523919701576233
-0.9655603766441345
-1.1523199081420898
-0.5763622522354126
-0.9977723360061646
-1.1373285055160522
-0.9414808750152588
-1.223256230354309
-1.257259726524353
-0.16361945867538452
-0.6595465540885925
-0.9724231362342834
-0.10012055933475494
-0.7561824917793274
-1.2122855186462402
0.07450151443481445
-0.5306986570358276
-1.0024060010910034
0.2332487404346466
-0.41795676946640015
-0.9124574661254883
0.12212567776441574
-0.5629106163978577
-0.987414538860321
0.02687722072005272
-0.6756525635719299
-1.107345700263977
0.20149929821491241
-0.5306986570358276
-1.0024060010910034
0.18562456965446472
-0.546804666519165
-1.0173972845077515
0.09037623554468155
-0.5951226353645325
-0.987414538860321
0.12212567776441574
-0.546804666519165
-1.0173972845077515
0.13800039887428284
-0.5145926475524902
-1.0173972845077515
-0.2747425138950348
-0.8528183698654175
-1.1223371028900146
-0.846232533454895
-1.3521040678024292
-1.4221651554107666
-1.179601788520813
-1.5614819526672363
-1.557087779045105
-1.3383489847183228
-1.6259058713912964
-1.4971221685409546
-0.846232533454895
-1.4809520244598389
-1.4521479606628418
0.8841123580932617
-0.3374268114566803
-0.6725950241088867
1.3286045789718628
0.0652228444814682
-0.49269819259643555
-0.004872224759310484
-0.7561824917793274
-1.0024060010910034
-0.9097314476966858
-1.3359981775283813
-1.3621995449066162
-0.9732303023338318
-1.3682100772857666
-1.4521479606628418
-0.6874853372573853
-1.1266202926635742
-1.257259726524353
-0.03662167116999626
-0.74007648229599
-0.7775349020957947
-0.2112436294555664
-1.0783023834228516
-0.8824746608734131
0.15387512743473053
-0.6756525635719299
-0.8075176477432251
0.40787070989608765
-0.3213208317756653
-0.7925263047218323
0.18562456965446472
-0.4501687288284302
-0.8974660634994507
-0.17949417233467102
-0.7561824917793274
-1.1223371028900146
-0.3223666846752167
-0.8689243793487549
-1.1972941160202026
-0.38586556911468506
-0.9172423481941223
-1.2122855186462402
0.011002498678863049
-0.4984866976737976
-0.8225090503692627
-0.36999085545539856
-0.7883944511413574
-1.0173972845077515
0.18562456965446472
-0.3696388006210327
-0.6875864267349243
0.042752064764499664
-0.6595465540885925
-1.0923542976379395
0.10625095665454865
-0.5145926475524902
-0.9424402713775635
0.042752064764499664
-0.5790166258811951
-0.987414538860321
-0.10012055933475494
-0.6756525635719299
-1.0473800897598267
-0.03662167116999626
-0.6595465540885925
-1.0623714923858643
0.042752064764499664
-0.6112285852432251
-1.0473800897598267
0.07450151443481445
-0.6112285852432251
-1.0473800897598267
-0.06837111711502075
-0.6917585134506226
-1.107345700263977
0.18562456965446472
-0.41795676946640015
-0.8974660634994507
0.09037623554468155
-0.4662747085094452
-0.9124574661254883
-0.814483106136322
-1.3037861585617065
-1.407173752784729
-1.1319775581359863
-1.5775879621505737
-1.4671393632888794
-1.1954764127731323
-1.5131639242172241
-1.4671393632888794
-1.290724754333496
-1.5131639242172241
-1.4371565580368042
-0.6239864230155945
-1.3521040678024292
-1.482130765914917
1.233356237411499
-0.27300286293029785
-0.8674832582473755
1.4556024074554443
-0.2246849089860916
-0.7775349020957947
0.5824926495552063
-0.5306986570358276
-0.6426122188568115
-0.40174031257629395
-1.0460903644561768
-0.9724231362342834
-0.7668589353561401
-1.3037861585617065
-1.3022339344024658
-0.7986083626747131
-1.2876801490783691
-1.3472081422805786
-0.814483106136322
-1.3521040678024292
-1.3472081422805786
-0.782733678817749
-1.4165281057357788
-1.3771909475326538
-0.2906172275543213
-0.9011363387107849
-1.1673113107681274
0.15387512743473053
-0.43406274914741516
-0.8225090503692627
0.15387512743473053
-0.41795676946640015
-0.8375004529953003
0.05862678959965706
-0.5145926475524902
-0.9724231362342834
0.02687722072005272
-0.546804666519165
-0.987414538860321
-0.10012055933475494
-0.6434405446052551
-1.0623714923858643
-0.004872224759310484
-0.5951226353645325
-1.032388687133789
0.13800039887428284
-0.4501687288284302
-0.8674832582473755
0.45549485087394714
-0.04751906171441078
-0.37276700139045715
0.45549485087394714
-0.17636695504188538
-0.5526638031005859
0.48724430799484253
-0.14415498077869415
-0.47770681977272034
0.2332487404346466
-0.3696388006210327
-0.7325606346130371
-0.03662167116999626
-0.546804666519165
-0.9124574661254883
-0.004872224759310484
-0.5951226353645325
-0.9574317336082458
0.011002498678863049
-0.5951226353645325
-0.987414538860321
0.02687722072005272
-0.5145926475524902
-0.9274488687515259
0.12212567776441574
-0.41795676946640015
-0.8075176477432251
0.10625095665454865
-0.41795676946640015
-0.6875864267349243
-0.5604875087738037
-1.013878345489502
-1.257259726524353
-0.9891051054000854
-1.4165281057357788
-1.5720791816711426
-1.0049798488616943
-1.448740005493164
-1.4671393632888794
-0.8779820203781128
-1.3521040678024292
-1.407173752784729
-0.7351095080375671
-1.1749382019042969
-1.257259726524353
-0.35411614179611206
-1.1266202926635742
-1.3172253370285034
0.42374542355537415
-0.8528183698654175
-1.2122855186462402
0.36024653911590576
-0.9494543075561523
-1.1523199081420898
0.2491234689950943
-0.70786452293396
-0.7925263047218323
-0.06837111711502075
-0.77228844165802
-0.8524918556213379
-0.38586556911468506
-1.0460903644561768
-1.0923542976379395
-0.46523919701576233
-1.1105142831802368
-1.2122855186462402
-0.6239864230155945
-1.2071502208709717
-1.3472081422805786
-0.7986083626747131
-1.3682100772857666
-1.3921823501586914
-0.38586556911468506
-0.9655603766441345
-1.2272769212722778
0.16974985599517822
-0.5145926475524902
-0.9124574661254883
0.16974985599517822
-0.4984866976737976
-0.9124574661254883
0.13800039887428284
-0.4823807179927826
-0.9574317336082458
0.12212567776441574
-0.4823807179927826
-0.9274488687515259
0.10625095665454865
-0.4823807179927826
-0.9274488687515259
0.042752064764499664
-0.5951226353645325
-1.032388687133789
0.12212567776441574
-0.4984866976737976
-0.8824746608734131
0.45549485087394714
-0.015307088382542133
-0.29780998826026917
0.47136959433555603
-0.09583701938390732
-0.47770681977272034
0.48724430799484253
-0.09583701938390732
-0.47770681977272034
0.3443717956542969
-0.24079090356826782
-0.6576036214828491
0.12212567776441574
-0.3696388006210327
-0.7475520372390747
0.18562456965446472
-0.3696388006210327
-0.7175692319869995
0.2173740118741989
-0.3374268114566803
-0.6875864267349243
0.13800039887428284
-0.3374268114566803
-0.7175692319869995
0.2491234689950943
-0.19247294962406158
-0.49269819259643555
-0.06837111711502075
-0.5790166258811951
-0.6875864267349243
-0.7192347645759583
-1.3359981775283813
-1.5121135711669922
-0.44936448335647583
-1.1266202926635742
-1.4521479606628418
-0.5604875087738037
-1.2554681301116943
-1.4521479606628418
-0.43348973989486694
-1.0783023834228516
-1.257259726524353
0.18562456965446472
-0.5145926475524902
-0.8524918556213379
0.2173740118741989
-0.6273345947265625
-0.9724231362342834
0.36024653911590576
-0.5790166258811951
-0.8974660634994507
0.13800039887428284
-0.8045004606246948
-1.1523199081420898
0.20149929821491241
-0.6595465540885925
-1.0173972845077515
0.13800039887428284
-0.6112285852432251
-0.8524918556213379
0.2332487404346466
-0.4984866976737976
-0.5676552057266235
0.7888640761375427
0.09743493795394897
-0.11791318655014038
0.264998197555542
-0.38574478030204773
-0.9124574661254883
-0.36999085545539856
-0.9977723360061646
-1.3172253370285034
-0.2747425138950348
-0.9011363387107849
-1.332216739654541
0.15387512743473053
-0.5306986570358276
-1.0923542976379395
0.09037623554468155
-0.5790166258811951
-1.032388687133789
0.12212567776441574
-0.5145926475524902
-0.9424402713775635
0.20149929821491241
-0.41795676946640015
-0.8524918556213379
0.16974985599517822
-0.4501687288284302
-0.8824746608734131
0.07450151443481445
-0.5951226353645325
-1.0173972845077515
0.13800039887428284
-0.4823807179927826
-0.8524918556213379
0.3126223683357239
-0.14415498077869415
-0.37276700139045715
0.3284970819950104
-0.2246849089860916
-0.6126294136047363
0.3284970819950104
-0.2246849089860916
-0.6725950241088867
0.15387512743473053
-0.41795676946640015
-0.8824746608734131
0.02687722072005272
-0.4984866976737976
-0.8524918556213379
0.05862678959965706
-0.4662747085094452
-0.7325606346130371
-0.13187001645565033
-0.6273345947265625
-0.8824746608734131
-0.35411614179611206
-0.7883944511413574
-1.0773628950119019
0.07450151443481445
-0.3213208317756653
-0.6576036214828491
-0.08424583822488785
-0.6434405446052551
-0.8824746608734131
-0.2271183431148529
-1.013878345489502
-1.4971221685409546
0.3284970819950104
-0.5951226353645325
-1.3771909475326538
0.16974985599517822
-0.7239705324172974
-1.3621995449066162
0.5983673930168152
-0.11194300651550293
-0.5526638031005859
0.693615734577179
-0.12804900109767914
-0.6725950241088867
0.42374542355537415
-0.3696388006210327
-0.9274488687515259
0.5666179060935974
-0.11194300651550293
-0.6126294136047363
0.36024653911590576
-0.41795676946640015
-0.8524918556213379
0.8206135034561157
-0.03141307458281517
-0.47770681977272034
0.5666179060935974
-0.2085789293050766
-0.6426122188568115
1.106358528137207
0.4356606602668762
-0.01297338493168354
1.3286045789718628
0.7094624638557434
0.1369406282901764
1.0111101865768433
0.3712367117404938
-0.29780998826026917
-0.004872224759310484
-0.7239705324172974
-1.107345700263977
-0.2747425138950348
-0.9655603766441345
-1.332216739654541
0.2332487404346466
-0.43406274914741516
-0.9274488687515259
0.18562456965446472
-0.4501687288284302
-0.8225090503692627
0.10625095665454865
-0.4823807179927826
-0.8674832582473755
0.16974985599517822
-0.4501687288284302
-0.8524918556213379
0.12212567776441574
-0.5306986570358276
-0.9424402713775635
0.10625095665454865
-0.5790166258811951
-1.0173972845077515
0.12212567776441574
-0.4984866976737976
-0.8674832582473755
0.264998197555542
-0.12804900109767914
-0.41774120926856995
0.2491234689950943
-0.27300286293029785
-0.6725950241088867
0.2332487404346466
-0.28910887241363525
-0.6875864267349243
0.296747624874115
-0.28910887241363525
-0.7475520372390747
0.3443717956542969
-0.2085789293050766
-0.5976380109786987
-0.06837111711502075
-0.546804666519165
-0.7325606346130371
-0.6557358503341675
-1.0783023834228516
-1.1972941160202026
-0.5922369956970215
-0.9977723360061646
-1.2122855186462402
-0.2588678002357483
-0.6917585134506226
-1.0473800897598267
-0.38586556911468506
-1.0621963739395142
-1.3621995449066162
0.20149929821491241
-0.70786452293396
-1.4221651554107666
1.3921035528182983
0.4356606602668762
-0.8225090503692627
0.8364882469177246
0.0007988978759385645
-1.0923542976379395
1.042859673500061
0.4356606602668762
-0.23784439265727997
1.3603540658950806
0.7416744232177734
0.1219492182135582
1.0111101865768433
0.4034487009048462
-0.22285299003124237
1.2651057243347168
0.661144495010376
-0.057947587221860886
1.2968552112579346
0.6289324760437012
0.017009416595101357
1.3921035528182983
0.661144495010376
0.0619836188852787
1.042859673500061
0.32291874289512634
-0.34278419613838196
1.169857382774353
0.5645085573196411
-0.25283578038215637
0.9952354431152344
0.45176663994789124
-0.38775840401649475
0.5666179060935974
-0.03141307458281517
-0.5676552057266235
0.07450151443481445
-0.6434405446052551
-0.9574317336082458
-0.020746948197484016
-0.74007648229599
-1.1373285055160522
0.09037623554468155
-0.5790166258811951
-0.9424402713775635
0.07450151443481445
-0.5145926475524902
-0.7925263047218323
0.09037623554468155
-0.4823807179927826
-0.8075176477432251
0.13800039887428284
-0.4823807179927826
-0.8524918556213379
0.15387512743473053
-0.5145926475524902
-0.9274488687515259
0.16974985599517822
-0.546804666519165
-0.987414538860321
0.12212567776441574
-0.5145926475524902
-0.8674832582473755
0.5189937353134155
0.1296469122171402
-0.23784439265727997
0.45549485087394714
-0.06362505257129669
-0.47770681977272034
0.264998197555542
-0.25689688324928284
-0.5976380109786987
0.2808729112148285
-0.3374268114566803
-0.7325606346130371
0.10625095665454865
-0.4984866976737976
-0.8225090503692627
-0.5604875087738037
-1.0299843549728394
-1.1673113107681274
-0.846232533454895
-1.2715741395950317
-1.3771909475326538
-0.7033600211143494
-1.1427263021469116
-1.3472081422805786
-0.6557358503341675
-1.223256230354309
-1.4221651554107666
-0.2906172275543213
-1.0944082736968994
-1.332216739654541
0.6301168203353882
-0.27300286293029785
-0.9574317336082458
1.6460990905761719
0.8544163107872009
-0.32779279351234436
0.9158618450164795
0.22628283500671387
-0.8524918556213379
1.042859673500061
0.5645085573196411
-0.16288739442825317
1.8048462867736816
1.4986557960510254
0.9314849972724915
1.487351894378662
1.112112045288086
0.5267171263694763
1.630224347114563
1.0476881265640259
0.21189774572849274
1.5826002359390259
1.0476881265640259
0.0919664204120636
1.4079782962799072
0.8705223202705383
-0.02796478569507599
1.4397276639938354
0.8222043514251709
-0.02796478569507599
1.3444793224334717
0.7738863825798035
-0.057947587221860886
1.185732126235962
0.7416744232177734
-0.07293898612260818
1.0111101865768433
0.6289324760437012
0.0020180162973701954
0.7729893326759338
0.22628283500671387
-0.20786158740520477
0.5666179060935974
-0.0797310322523117
-0.5676552057266235
0.2173740118741989
-0.4501687288284302
-0.8524918556213379
0.13800039887428284
-0.43406274914741516
-0.7175692319869995
0.011002498678863049
-0.5306986570358276
-0.8225090503692627
0.09037623554468155
-0.4984866976737976
-0.8674832582473755
0.264998197555542
-0.40185075998306274
-0.8075176477432251
0.16974985599517822
-0.546804666519165
-0.987414538860321
0.20149929821491241
-0.41795676946640015
-0.7925263047218323
0.3126223683357239
-0.12804900109767914
-0.5226809978485107
0.37612125277519226
-0.2246849089860916
-0.7175692319869995
0.3443717956542969
-0.24079090356826782
-0.6875864267349243
0.3443717956542969
-0.28910887241363525
-0.7325606346130371
0.16974985599517822
-0.4501687288284302
-0.7775349020957947
-0.7192347645759583
-1.223256230354309
-1.3921823501586914
-0.5763622522354126
-1.0621963739395142
-1.2272769212722778
-0.3223666846752167
-0.8850303888320923
-1.107345700263977
-0.46523919701576233
-1.158832311630249
-1.3172253370285034
0.05862678959965706
-0.6756525635719299
-1.032388687133789
1.0587342977523804
0.46787264943122864
-0.01297338493168354
0.9476112723350525
0.4034487009048462
-0.10292179137468338
0.3126223683357239
-0.3535328209400177
-0.9424402713775635
1.233356237411499
0.6289324760437012
0.1069578230381012
1.550850749015808
1.2409600019454956
0.8415365815162659
1.8524705171585083
1.6758216619491577
1.2313129901885986
1.8842198848724365
1.6758216619491577
1.0813989639282227
1.7889715433120728
1.5630797147750854
0.7665795683860779
1.8365957736968994
1.546973705291748
0.7365967631340027
1.614349603652954
1.192642092704773
0.4517601430416107
1.5826002359390259
1.096006155014038
0.3768031597137451
1.7413474321365356
1.3859138488769531
0.6466483473777771
1.487351894378662
1.3375959396362305
0.7515881657600403
1.566725492477417
1.3698078393936157
1.0064419507980347
1.4238529205322266
1.112112045288086
0.6316569447517395
0.48724430799484253
-0.0797310322523117
-0.5376724004745483
0.042752064764499664
-0.546804666519165
-0.8524918556213379
0.05862678959965706
-0.4501687288284302
-0.7775349020957947
0.09037623554468155
-0.4501687288284302
-0.8075176477432251
0.12212567776441574
-0.41795676946640015
-0.8075176477432251
0.042752064764499664
-0.546804666519165
-0.9574317336082458
0.07450151443481445
-0.4984866976737976
-0.8674832582473755
0.36024653911590576
-0.11194300651550293
-0.5226809978485107
0.3284970819950104
-0.3696388006210327
-0.8974660634994507
0.3126223683357239
-0.3696388006210327
-0.8824746608734131
0.3443717956542969
-0.3696388006210327
-0.9424402713775635
0.12212567776441574
-0.43406274914741516
-0.8974660634994507
-0.9891051054000854
-1.3037861585617065
-1.3921823501586914
-0.9414808750152588
-1.2876801490783691
-1.2422683238983154
-0.5922369956970215
-1.1749382019042969
-1.1972941160202026
-0.1953689008951187
-0.9333483576774597
-1.1523199081420898
0.8999871015548706
0.3712367117404938
-0.057947587221860886
1.503226637840271
1.096006155014038
0.8265451788902283
0.20149929821491241
-0.4662747085094452
-0.6426122188568115
0.5824926495552063
-0.28910887241363525
-0.7625434994697571
1.2809804677963257
0.5322965979576111
-0.02796478569507599
1.122233271598816
0.693356454372406
0.3168375492095947
1.9318441152572632
1.7885634899139404
1.4711754322052002
2.0588419437408447
2.0945773124694824
1.7710033655166626
2.0588419437408447
2.0784714221954346
1.5761152505874634
1.9000946283340454
1.7885634899139404
1.2463043928146362
1.7572221755981445
1.5147618055343628
0.9914505481719971
1.6619738340377808
1.3698078393936157
0.8415365815162659
1.4238529205322266
1.1765360832214355
0.6916225552558899
1.6778485774993896
1.5147618055343628
1.2463043928146362
1.9794682264328003
1.9013054370880127
1.7260291576385498
1.8365957736968994
1.708033561706543
1.216321587562561
0.5189937353134155
0.1457529067993164
-0.5376724004745483
-0.004872224759310484
-0.4501687288284302
-0.9724231362342834
0.011002498678863049
-0.41795676946640015
-0.8375004529953003
-0.020746948197484016
-0.4984866976737976
-0.9274488687515259
-0.004872224759310484
-0.5145926475524902
-0.9724231362342834
0.011002498678863049
-0.5629106163978577
-1.0173972845077515
-0.020746948197484016
-0.5629106163978577
-0.8974660634994507
0.37612125277519226
-0.12804900109767914
-0.5226809978485107
0.2808729112148285
-0.4501687288284302
-0.9724231362342834
0.296747624874115
-0.41795676946640015
-0.9424402713775635
0.40787070989608765
-0.38574478030204773
-0.9424402713775635
0.10625095665454865
-0.5790166258811951
-0.9724231362342834
-0.9732303023338318
-1.3359981775283813
-1.3921823501586914
-0.6557358503341675
-1.0299843549728394
-1.0923542976379395
-0.2112436294555664
-0.8689243793487549
-1.1523199081420898
0.5983673930168152
-0.03141307458281517
-0.5826466083526611
1.550850749015808
1.3053839206695557
0.7815709710121155
1.2809804677963257
0.9510522484779358
0.6466483473777771
0.3126223683357239
-0.5306986570358276
-0.8674832582473755
1.122233271598816
0.16185888648033142
-0.44772401452064514
1.249230980873108
0.5484025478363037
-0.057947587221860886
1.503226637840271
1.0476881265640259
0.6316569447517395
1.8683452606201172
1.6597156524658203
1.4112098217010498
1.9000946283340454
1.8368815183639526
1.681054949760437
1.8048462867736816
1.7724575996398926
1.516149640083313
1.7254726886749268
1.6275036334991455
1.3062700033187866
1.6778485774993896
1.5147618055343628
1.1713473796844482
1.106358528137207
0.9349462389945984
0.5716913342475891
0.39199596643447876
0.22628283500671387
-0.20786158740520477
1.3127299547195435
1.1282180547714233
0.6016741394996643
1.9794682264328003
1.9013054370880127
1.5311410427093506
1.614349603652954
1.4986557960510254
0.8865107893943787
0.5983673930168152
0.30681276321411133
-0.5376724004745483
0.3126223683357239
0.0652228444814682
-0.8075176477432251
0.2808729112148285
0.09743493795394897
-0.7775349020957947
0.2332487404346466
0.0007988978759385645
-0.8824746608734131
0.16974985599517822
-0.11194300651550293
-1.0173972845077515
-0.06837111711502075
-0.4501687288284302
-1.257259726524353
-0.17949417233467102
-0.6595465540885925
-1.107345700263977
0.3443717956542969
-0.19247294962406158
-0.5676552057266235
0.13800039887428284
-0.5629106163978577
-1.0024060010910034
0.2332487404346466
-0.38574478030204773
-0.7925263047218323
0.36024653911590576
-0.3213208317756653
-0.7175692319869995
0.15387512743473053
-0.546804666519165
-0.8075176477432251
-0.40174031257629395
-0.9494543075561523
-1.1373285055160522
-0.2747425138950348
-0.8045004606246948
-1.0623714923858643
0.296747624874115
-0.30521485209465027
-0.7175692319869995
1.3444793224334717
0.9349462389945984
0.3917945623397827
1.947718858718872
1.9335174560546875
1.4711754322052002
0.7888640761375427
0.3873426914215088
0.017009416595101357
0.7888640761375427
-0.06362505257129669
-0.6126294136047363
1.503226637840271
0.8544163107872009
0.22688913345336914
1.5984749794006348
1.192642092704773
0.7515881657600403
1.6619738340377808
1.3537019491195679
0.9764591455459595
1.7095979452133179
1.5308678150177002
1.2313129901885986
1.566725492477417
1.4342318773269653
1.216321587562561
1.2016068696975708
1.0154762268066406
0.7815709710121155
0.9317365288734436
0.6450384855270386
0.3618117570877075
0.8841123580932617
0.5645085573196411
0.21189774572849274
1.0269849300384521
0.7738863825798035
0.3318289518356323
0.7094904184341431
0.5484025478363037
-0.13290458917617798
0.8523629307746887
0.7094624638557434
-0.13290458917617798
1.6778485774993896
1.5308678150177002
1.0064419507980347
1.550850749015808
1.3375959396362305
0.7066139578819275
0.5824926495552063
0.16185888648033142
-0.6426122188568115
0.3284970819950104
-0.11194300651550293
-1.0623714923858643
0.2332487404346466
-0.12804900109767914
-1.1972941160202026
0.2173740118741989
-0.11194300651550293
-1.2122855186462402
0.3126223683357239
0.0007988978759385645
-1.1373285055160522
0.264998197555542
-0.06362505257129669
-1.182302713394165
0.042752064764499664
-0.3374268114566803
-1.0923542976379395
0.42374542355537415
-0.14415498077869415
-0.5076895952224731
-0.13187001645565033
-0.77228844165802
-1.1523199081420898
-0.17949417233467102
-0.6917585134506226
-0.987414538860321
-0.03662167116999626
-0.5306986570358276
-0.8524918556213379
0.011002498678863049
-0.5145926475524902
-0.8674832582473755
-0.05249639227986336
-0.6434405446052551
-0.987414538860321
-0.5128633379936218
-1.0460903644561768
-1.2272769212722778
0.8523629307746887
0.5000845789909363
0.3618117570877075
1.7889715433120728
1.6597156524658203
1.4711754322052002
1.947718858718872
1.9335174560546875
1.7260291576385498
0.7094904184341431
0.17796488106250763
-0.14789599180221558
0.9476112723350525
0.1457529067993164
-0.38775840401649475
1.8365957736968994
1.4664437770843506
0.946476399898529
1.6619738340377808
1.5308678150177002
1.216321587562561
0.9793606996536255
0.7416744232177734
0.4217773377895355
0.8682376742362976
0.5967205166816711
0.25687193870544434
0.6459915637969971
0.3712367117404938
0.017009416595101357
0.3284970819950104
-0.06362505257129669
-0.43273261189460754
0.37612125277519226
-0.11194300651550293
-0.5226809978485107
0.5031190514564514
0.016904884949326515
-0.46271541714668274
0.9317365288734436
0.5484025478363037
-0.057947587221860886
1.4397276639938354
1.1604300737380981
0.4067859351634979
1.3762288093566895
1.2087479829788208
0.5716913342475891
1.7572221755981445
1.5791857242584229
1.2463043928146362
1.7572221755981445
1.4342318773269653
0.9314849972724915
0.6459915637969971
0.03301087021827698
-0.7625434994697571
0.16974985599517822
-0.6112285852432251
-1.4671393632888794
0.13800039887428284
-0.6756525635719299
-1.5121135711669922
0.07450151443481445
-0.6434405446052551
-1.5121135711669922
0.02687722072005272
-0.5951226353645325
-1.4671393632888794
0.18562456965446472
-0.28910887241363525
-1.3022339344024658
0.40787070989608765
0.08132895082235336
-0.8974660634994507
0.3126223683357239
-0.28910887241363525
-0.6276208162307739
0.02687722072005272
-0.6595465540885925
-1.0923542976379395
0.042752064764499664
-0.5306986570358276
-0.9424402713775635
0.12212567776441574
-0.4984866976737976
-0.9124574661254883
0.10625095665454865
-0.546804666519165
-0.9724231362342834
0.15387512743473053
-0.4501687288284302
-0.9424402713775635
0.725365161895752
0.35513073205947876
-0.057947587221860886
1.7730969190597534
1.6758216619491577
1.366235613822937
2.0112178325653076
1.9979413747787476
1.8159775733947754
1.6460990905761719
1.4503377676010132
1.2013301849365234
0.757114589214325
0.21017684042453766
-0.20786158740520477
0.693615734577179
-0.03141307458281517
-0.6126294136047363
1.503226637840271
0.9510522484779358
0.3618117570877075
1.0904837846755981
0.7416744232177734
0.3168375492095947
-0.03662167116999626
-0.546804666519165
-0.8824746608734131
0.15387512743473053
-0.40185075998306274
-0.8075176477432251
0.02687722072005272
-0.5145926475524902
-0.987414538860321
0.40787070989608765
-0.14415498077869415
-0.7625434994697571
0.6301168203353882
0.0652228444814682
-0.5976380109786987
0.10625095665454865
-0.38574478030204773
-0.9574317336082458
0.40787070989608765
0.04911685734987259
-0.5226809978485107
1.2174816131591797
0.9671581983566284
0.4217773377895355
1.8207210302352905
1.6919276714324951
1.3362528085708618
1.8207210302352905
1.643609642982483
1.441192626953125
1.5349760055541992
1.1765360832214355
0.8265451788902283
0.48724430799484253
-0.09583701938390732
-0.7475520372390747
-0.10012055933475494
-0.7561824917793274
-1.5271049737930298
-0.08424583822488785
-0.77228844165802
-1.4671393632888794
-0.2112436294555664
-0.9172423481941223
-1.4971221685409546
-0.40174031257629395
-0.9333483576774597
-1.482130765914917
-0.41761502623558044
-0.7883944511413574
-1.4221651554107666
0.2332487404346466
-0.03141307458281517
-0.8974660634994507
0.2808729112148285
-0.30521485209465027
-0.7175692319869995
0.02687722072005272
-0.6917585134506226
-1.1373285055160522
0.05862678959965706
-0.5951226353645325
-0.9724231362342834
0.05862678959965706
-0.6112285852432251
-1.0173972845077515
0.07450151443481445
-0.5951226353645325
-1.032388687133789
0.2332487404346466
-0.3374268114566803
-0.8225090503692627
1.487351894378662
1.1765360832214355
0.7066139578819275
1.8842198848724365
1.7563515901565552
1.441192626953125
1.3444793224334717
1.2248539924621582
1.0813989639282227
1.0746090412139893
0.8060983419418335
0.5566999316215515
0.6459915637969971
0.09743493795394897
-0.32779279351234436
0.43962013721466064
-0.30521485209465027
-0.8824746608734131
1.042859673500061
0.3712367117404938
-0.26782718300819397
0.8523629307746887
0.35513073205947876
-0.13290458917617798
0.042752064764499664
-0.5951226353645325
-1.0024060010910034
0.3443717956542969
-0.3374268114566803
-0.8375004529953003
0.37612125277519226
-0.27300286293029785
-0.8225090503692627
0.7412399053573608
0.1296469122171402
-0.5376724004745483
0.3443717956542969
-0.24079090356826782
-0.8974660634994507
0.042752064764499664
-0.4662747085094452
-1.032388687133789
0.2491234689950943
-0.16026097536087036
-0.7025778293609619
0.757114589214325
0.4356606602668762
-0.02796478569507599
1.2174816131591797
0.9671581983566284
0.6916225552558899
1.0269849300384521
0.7738863825798035
0.4967343509197235
1.1539826393127441
0.8383103013038635
0.4817429482936859
0.42374542355537415
0.016904884949326515
-0.41774120926856995
-0.40174031257629395
-0.8206064105033875
-1.3172253370285034
-0.2588678002357483
-0.6756525635719299
-1.1972941160202026
-0.10012055933475494
-0.5629106163978577
-1.0623714923858643
-0.06837111711502075
-0.4984866976737976
-0.9574317336082458
-0.2747425138950348
-0.6595465540885925
-1.1673113107681274
0.16974985599517822
-0.06362505257129669
-0.9574317336082458
0.2808729112148285
-0.30521485209465027
-0.7475520372390747
-0.004872224759310484
-0.7561824917793274
-1.2272769212722778
0.09037623554468155
-0.6112285852432251
-0.987414538860321
0.042752064764499664
-0.6756525635719299
-1.0623714923858643
-0.03662167116999626
-0.6756525635719299
-1.1223371028900146
0.43962013721466064
-0.09583701938390732
-0.5676552057266235
0.36024653911590576
-0.0797310322523117
-0.43273261189460754
0.6459915637969971
0.2907067835330963
0.0619836188852787
0.9952354431152344
0.693356454372406
0.4967343509197235
0.8999871015548706
0.5322965979576111
0.27186334133148193
0.725365161895752
0.17796488106250763
-0.22285299003124237
0.6301168203353882
-0.12804900109767914
-0.6725950241088867
1.106358528137207
0.4034487009048462
-0.22285299003124237
1.0269849300384521
0.48397862911224365
-0.057947587221860886
0.42374542355537415
-0.24079090356826782
-0.7175692319869995
0.2808729112148285
-0.4501687288284302
-0.9724231362342834
0.42374542355537415
-0.28910887241363525
-0.8674832582473755
0.43962013721466064
-0.2085789293050766
-0.8375004529953003
0.264998197555542
-0.3374268114566803
-0.9424402713775635
0.2491234689950943
-0.3374268114566803
-0.8974660634994507
0.15387512743473053
-0.3535328209400177
-0.8824746608734131
0.16974985599517822
-0.3535328209400177
-0.8075176477432251
0.36024653911590576
-0.2085789293050766
-0.5976380109786987
0.2491234689950943
-0.27300286293029785
-0.7325606346130371
0.2491234689950943
-0.19247294962406158
-0.6875864267349243
0.20149929821491241
-0.16026097536087036
-0.6426122188568115
-0.2271183431148529
-0.3696388006210327
-1.1523199081420898
-0.2271183431148529
-0.19247294962406158
-1.2422683238983154
-0.06837111711502075
-0.0797310322523117
-1.182302713394165
0.05862678959965706
-0.11194300651550293
-1.1223371028900146
0.20149929821491241
-0.11194300651550293
-1.032388687133789
0.8523629307746887
0.6289324760437012
-0.46271541714668274
0.2491234689950943
-0.3374268114566803
-0.7325606346130371
0.09037623554468155
-0.6917585134506226
-1.182302713394165
0.2173740118741989
-0.546804666519165
-1.0173972845077515
0.2173740118741989
-0.5790166258811951
-1.0473800897598267
0.20149929821491241
-0.5306986570358276
-0.9574317336082458
0.40787070989608765
-0.19247294962406158
-0.6426122188568115
0.042752064764499664
-0.5145926475524902
-0.9274488687515259
0.16974985599517822
-0.41795676946640015
-0.7925263047218323
0.7888640761375427
0.21017684042453766
-0.14789599180221558
0.757114589214325
0.21017684042453766
-0.10292179137468338
1.0111101865768433
0.45176663994789124
0.0619836188852787
1.2651057243347168
0.5967205166816711
0.0919664204120636
1.2016068696975708
0.5484025478363037
-0.01297338493168354
0.6777409911155701
0.1296469122171402
-0.37276700139045715
0.40787070989608765
-0.24079090356826782
-0.7325606346130371
0.3126223683357239
-0.41795676946640015
-0.9124574661254883
0.3284970819950104
-0.3535328209400177
-0.9274488687515259
0.37612125277519226
-0.27300286293029785
-0.8524918556213379
0.43962013721466064
-0.2085789293050766
-0.7925263047218323
0.37612125277519226
-0.24079090356826782
-0.7925263047218323
0.296747624874115
-0.30521485209465027
-0.8225090503692627
0.296747624874115
-0.28910887241363525
-0.8225090503692627
0.3126223683357239
-0.30521485209465027
-0.8225090503692627
0.2808729112148285
-0.3374268114566803
-0.8075176477432251
0.05862678959965706
-0.43406274914741516
-0.987414538860321
-0.03662167116999626
-0.3213208317756653
-1.1223371028900146
-0.020746948197484016
0.04911685734987259
-1.257259726524353
-0.1953689008951187
0.19407086074352264
-1.4971221685409546
-0.2747425138950348
0.16185888648033142
-1.5870705842971802
-0.1953689008951187
-0.015307088382542133
-1.557087779045105
0.36024653911590576
0.21017684042453766
-1.0473800897598267
1.169857382774353
0.9832642078399658
-0.17787879705429077
0.2808729112148285
-0.3213208317756653
-0.6276208162307739
0.2173740118741989
-0.5790166258811951
-1.0473800897598267
0.20149929821491241
-0.546804666519165
-1.0773628950119019
0.37612125277519226
-0.43406274914741516
-0.9274488687515259
0.5507432222366333
-0.2246849089860916
-0.6276208162307739
0.39199596643447876
-0.27300286293029785
-0.7475520372390747
0.3443717956542969
-0.30521485209465027
-0.8375004529953003
0.40787070989608765
-0.30521485209465027
-0.8524918556213379
0.693615734577179
-0.03141307458281517
-0.49269819259643555
0.6618662476539612
0.0007988978759385645
-0.40274980664253235
0.8523629307746887
0.2907067835330963
-0.13290458917617798
1.3762288093566895
0.8222043514251709
0.3618117570877075
1.233356237411499
0.725568413734436
0.27186334133148193
1.2968552112579346
0.8705223202705383
0.4067859351634979
0.37612125277519226
-0.17636695504188538
-0.5976380109786987
0.2173740118741989
-0.43406274914741516
-0.8824746608734131
0.296747624874115
-0.3374268114566803
-0.8674832582473755
0.18562456965446472
-0.4662747085094452
-1.0024060010910034
0.40787070989608765
-0.25689688324928284
-0.7925263047218323
0.47136959433555603
-0.19247294962406158
-0.7325606346130371
0.42374542355537415
-0.2246849089860916
-0.7625434994697571
0.2332487404346466
-0.3535328209400177
-0.8824746608734131
-0.2906172275543213
-0.7561824917793274
-1.1373285055160522
-0.5446128249168396
-1.013878345489502
-1.1972941160202026
-0.6557358503341675
-0.9977723360061646
-1.3621995449066162
-0.3223666846752167
-0.38574478030204773
-1.332216739654541
0.10625095665454865
0.30681276321411133
-1.1972941160202026
-0.11599528789520264
0.2907067835330963
-1.407173752784729
-0.46523919701576233
-0.03141307458281517
-1.6470361948013306
-0.36999085545539856
-0.16026097536087036
-1.5720791816711426
0.5348684787750244
0.4195546805858612
-0.7625434994697571
1.0269849300384521
0.8222043514251709
-0.22285299003124237
0.37612125277519226
-0.25689688324928284
-0.5976380109786987
0.12212567776441574
-0.6917585134506226
-1.1523199081420898
0.16974985599517822
-0.5629106163978577
-0.987414538860321
0.3443717956542969
-0.38574478030204773
-0.8225090503692627
0.39199596643447876
-0.30521485209465027
-0.7625434994697571
0.43962013721466064
-0.2246849089860916
-0.7775349020957947
0.5031190514564514
-0.17636695504188538
-0.7025778293609619
0.5824926495552063
-0.09583701938390732
-0.5376724004745483
0.7888640761375427
0.1296469122171402
-0.26782718300819397
1.0269849300384521
0.35513073205947876
-0.10292179137468338
0.6459915637969971
0.016904884949326515
-0.44772401452064514
1.2174816131591797
0.725568413734436
0.28685474395751953
1.566725492477417
1.192642092704773
0.8115537762641907
1.1381078958511353
0.8383103013038635
0.5117257237434387
1.0587342977523804
0.6772504448890686
0.28685474395751953
0.8682376742362976
0.33902475237846375
-0.10292179137468338
0.3284970819950104
-0.27300286293029785
-0.7475520372390747
0.011002498678863049
-0.6595465540885925
-1.107345700263977
0.2491234689950943
-0.41795676946640015
-0.9274488687515259
0.48724430799484253
-0.17636695504188538
-0.7175692319869995
0.43962013721466064
-0.2246849089860916
-0.7925263047218323
-0.16361945867538452
-0.7883944511413574
-1.2722511291503906
-0.7668589353561401
-1.2876801490783691
-1.4971221685409546
-0.7351095080375671
-1.1749382019042969
-1.332216739654541
-0.5128633379936218
-0.8045004606246948
-1.2122855186462402
0.011002498678863049
-0.09583701938390732
-1.0024060010910034
0.12212567776441574
0.17796488106250763
-1.1223371028900146
-0.10012055933475494
-0.11194300651550293
-1.2422683238983154
-0.1953689008951187
-0.38574478030204773
-1.3472081422805786
0.2332487404346466
-0.03141307458281517
-1.0773628950119019
0.9793606996536255
0.6772504448890686
-0.34278419613838196
0.45549485087394714
0.1457529067993164
-0.5826466083526611
0.7412399053573608
0.08132895082235336
-0.5676552057266235
0.296747624874115
-0.5629106163978577
-1.4371565580368042
0.15387512743473053
-0.6112285852432251
-1.182302713394165
0.16974985599517822
-0.5629106163978577
-0.987414538860321
0.15387512743473053
-0.5306986570358276
-1.032388687133789
0.2173740118741989
-0.4662747085094452
-0.9724231362342834
0.43962013721466064
-0.24079090356826782
-0.6875864267349243
0.5983673930168152
-0.09583701938390732
-0.46271541714668274
0.6459915637969971
-0.04751906171441078
-0.47770681977272034
0.9317365288734436
0.21017684042453766
-0.20786158740520477
0.6459915637969971
-0.0797310322523117
-0.38775840401649475
0.39199596643447876
-0.2085789293050766
-0.5826466083526611
0.9317365288734436
0.4195546805858612
-0.057947587221860886
0.48724430799484253
-0.03141307458281517
-0.41774120926856995
0.5189937353134155
0.0007988978759385645
-0.40274980664253235
0.6777409911155701
0.11354092508554459
-0.32779279351234436
0.37612125277519226
-0.2246849089860916
-0.6426122188568115
0.15387512743473053
-0.5145926475524902
-0.9424402713775635
0.07450151443481445
-0.6112285852432251
-1.0623714923858643
0.10625095665454865
-0.5629106163978577
-1.0623714923858643
0.042752064764499664
-0.6273345947265625
-1.1523199081420898
0.02687722072005272
-0.6434405446052551
-1.1673113107681274
0.15387512743473053
-0.4984866976737976
-0.9274488687515259
0.2808729112148285
-0.28910887241363525
-0.7175692319869995
0.2173740118741989
-0.24079090356826782
-0.7775349020957947
0.16974985599517822
-0.17636695504188538
-0.9274488687515259
0.02687722072005272
-0.28910887241363525
-1.1223371028900146
-0.06837111711502075
-0.4984866976737976
-1.1223371028900146
0.15387512743473053
-0.3374268114566803
-1.0473800897598267
1.0111101865768433
0.5806145668029785
-0.40274980664253235
1.3603540658950806
0.9349462389945984
0.0020180162973701954
0.16974985599517822
-0.25689688324928284
-0.8375004529953003
1.2174816131591797
0.5484025478363037
-0.47770681977272034
0.9793606996536255
0.09743493795394897
-1.3172253370285034
0.40787070989608765
-0.3696388006210327
-1.332216739654541
0.042752064764499664
-0.70786452293396
-1.1972941160202026
-0.05249639227986336
-0.7561824917793274
-1.0923542976379395
0.13800039887428284
-0.5629106163978577
-0.9724231362342834
0.264998197555542
-0.40185075998306274
-0.9124574661254883
0.39199596643447876
-0.27300286293029785
-0.8674832582473755
0.43962013721466064
-0.27300286293029785
-0.8375004529953003
0.36024653911590576
-0.38574478030204773
-0.7625434994697571
0.15387512743473053
-0.5790166258811951
-0.8225090503692627
0.02687722072005272
-0.6595465540885925
-1.0473800897598267
0.43962013721466064
-0.2246849089860916
-0.8075176477432251
0.6459915637969971
-0.03141307458281517
-0.5526638031005859
0.2808729112148285
-0.38574478030204773
-0.8225090503692627
0.07450151443481445
-0.5629106163978577
-0.9424402713775635
0.042752064764499664
-0.5790166258811951
-0.9274488687515259
0.40787070989608765
-0.24079090356826782
-0.6576036214828491
0.42374542355537415
-0.27300286293029785
-0.7325606346130371
0.15387512743473053
-0.5306986570358276
-0.987414538860321
0.2173740118741989
-0.4501687288284302
-0.9574317336082458
0.47136959433555603
-0.2085789293050766
-0.7625434994697571
0.5666179060935974
-0.16026097536087036
-0.7325606346130371
0.45549485087394714
-0.25689688324928284
-0.7625434994697571
0.45549485087394714
-0.17636695504188538
-0.7025778293609619
0.2808729112148285
-0.28910887241363525
-0.8974660634994507
0.07450151443481445
-0.4823807179927826
-1.0473800897598267
0.10625095665454865
-0.5306986570358276
-1.0173972845077515
0.725365161895752
0.1296469122171402
-0.6576036214828491
1.4238529205322266
0.9671581983566284
-0.11791318655014038
0.9634860157966614
0.5161905884742737
-0.34278419613838196
-0.13187001645565033
-0.5951226353645325
-0.987414538860321
1.4397276639938354
0.8222043514251709
-0.40274980664253235
1.0746090412139893
0.21017684042453766
-1.4671393632888794
0.6777409911155701
-0.015307088382542133
-1.4221651554107666
0.40787070989608765
-0.19247294962406158
-1.182302713394165
0.09037623554468155
-0.5629106163978577
-1.1972941160202026
0.011002498678863049
-0.6595465540885925
-1.182302713394165
0.20149929821491241
-0.4662747085094452
-0.9724231362342834
0.296747624874115
-0.3696388006210327
-0.9124574661254883
0.264998197555542
-0.4501687288284302
-0.9124574661254883
0.18562456965446472
-0.4984866976737976
-0.9424402713775635
-0.08424583822488785
-0.7239705324172974
-1.1972941160202026
0.09037623554468155
-0.5790166258811951
-1.0923542976379395
0.3126223683357239
-0.38574478030204773
-0.9274488687515259
0.296747624874115
-0.3535328209400177
-0.8524918556213379
0.18562456965446472
-0.4662747085094452
-0.8974660634994507
0.02687722072005272
-0.6434405446052551
-0.987414538860321
0.011002498678863049
-0.6595465540885925
-0.9424402713775635
0.2173740118741989
-0.4662747085094452
-0.8075176477432251
0.43962013721466064
-0.24079090356826782
-0.6725950241088867
0.37612125277519226
-0.30521485209465027
-0.7625434994697571
0.2332487404346466
-0.4501687288284302
-0.9124574661254883
0.15387512743473053
-0.5145926475524902
-1.0173972845077515
0.3443717956542969
-0.3213208317756653
-0.8524918556213379
0.36024653911590576
-0.28910887241363525
-0.8225090503692627
0.37612125277519226
-0.24079090356826782
-0.7775349020957947
0.37612125277519226
-0.2246849089860916
-0.7625434994697571
0.18562456965446472
-0.3535328209400177
-0.8974660634994507
0.2808729112148285
-0.25689688324928284
-0.8524918556213379
1.233356237411499
0.7094624638557434
-0.17787879705429077
1.2809804677963257
0.8060983419418335
-0.13290458917617798
-0.020746948197484016
-0.4823807179927826
-0.9724231362342834
-0.8621072769165039
-1.2071502208709717
-1.3172253370285034
1.503226637840271
0.9510522484779358
-0.34278419613838196
1.2016068696975708
0.4356606602668762
-1.3771909475326538
0.9634860157966614
0.4034487009048462
-1.3472081422805786
0.7412399053573608
0.2584947943687439
-1.2872425317764282
0.48724430799484253
-0.04751906171441078
-1.3172253370285034
0.264998197555542
-0.3213208317756653
-1.257259726524353
0.264998197555542
-0.3696388006210327
-0.9424402713775635
0.43962013721466064
-0.24079090356826782
-0.5826466083526611
0.39199596643447876
-0.28910887241363525
-0.6126294136047363
0.2173740118741989
-0.40185075998306274
-0.8524918556213379
0.011002498678863049
-0.5629106163978577
-1.1373285055160522
0.16974985599517822
-0.4984866976737976
-1.0024060010910034
0.36024653911590576
-0.3374268114566803
-0.7775349020957947
0.2491234689950943
-0.3535328209400177
-0.8075176477432251
0.09037623554468155
-0.546804666519165
-0.9424402713775635
0.011002498678863049
-0.6595465540885925
-0.9724231362342834
0.02687722072005272
-0.6756525635719299
-0.9424402713775635
0.20149929821491241
-0.5629106163978577
-0.9274488687515259
0.39199596643447876
-0.3696388006210327
-0.8075176477432251
0.45549485087394714
-0.30521485209465027
-0.7325606346130371
0.37612125277519226
-0.3535328209400177
-0.8075176477432251
-0.020746948197484016
-0.7239705324172974
-1.1673113107681274
0.011002498678863049
-0.6112285852432251
-1.0923542976379395
0.2491234689950943
-0.3535328209400177
-0.8824746608734131
0.3126223683357239
-0.25689688324928284
-0.7925263047218323
0.3443717956542969
-0.17636695504188538
-0.6875864267349243
0.02687722072005272
-0.3535328209400177
-0.8225090503692627
-0.17949417233467102
-0.5790166258811951
-1.0173972845077515
0.9634860157966614
0.5161905884742737
-0.23784439265727997
0.757114589214325
0.33902475237846375
-0.40274980664253235
-1.1002280712127686
-1.5131639242172241
-1.5720791816711426
-1.4653466939926147
-1.6742238998413086
-1.5720791816711426
1.3127299547195435
0.7577803730964661
-0.26782718300819397
1.2016068696975708
0.48397862911224365
-1.1972941160202026
1.1539826393127441
0.6128265261650085
-1.3172253370285034
1.042859673500061
0.5484025478363037
-1.3022339344024658
0.9158618450164795
0.3712367117404938
-1.1972941160202026
0.725365161895752
0.19407086074352264
-1.2272769212722778
0.5348684787750244
-0.03141307458281517
-1.0773628950119019
0.3443717956542969
-0.25689688324928284
-0.9274488687515259
0.15387512743473053
-0.4501687288284302
-0.9724231362342834
0.07450151443481445
-0.5790166258811951
-1.0173972845077515
0.2173740118741989
-0.4823807179927826
-0.8524918556213379
0.3443717956542969
-0.40185075998306274
-0.7775349020957947
0.296747624874115
-0.4501687288284302
-0.8824746608734131
0.3126223683357239
-0.38574478030204773
-0.8524918556213379
0.18562456965446472
-0.5145926475524902
-0.9424402713775635
0.16974985599517822
-0.546804666519165
-0.9274488687515259
0.18562456965446472
-0.5306986570358276
-0.8974660634994507
0.36024653911590576
-0.3374268114566803
-0.8375004529953003
0.42374542355537415
-0.27300286293029785
-0.8075176477432251
0.39199596643447876
-0.3213208317756653
-0.7925263047218323
0.47136959433555603
-0.2085789293050766
-0.7475520372390747
0.20149929821491241
-0.4662747085094452
-1.0173972845077515
-0.08424583822488785
-0.7561824917793274
-1.2122855186462402
0.042752064764499664
-0.6273345947265625
-1.1223371028900146
0.264998197555542
-0.3374268114566803
-0.8375004529953003
0.15387512743473053
-0.3213208317756653
-0.7775349020957947
-0.5604875087738037
-0.8689243793487549
-1.107345700263977
-1.1954764127731323
-1.5936938524246216
-1.5420963764190674
0.18562456965446472
-0.28910887241363525
-0.8075176477432251
0.5507432222366333
0.16185888648033142
-0.6576036214828491
-1.1002280712127686
-1.4809520244598389
-1.6020619869232178
-1.1478523015975952
-1.4326339960098267
-1.407173752784729
0.8682376742362976
0.2584947943687439
-0.26782718300819397
0.757114589214325
0.0007988978759385645
-1.0773628950119019
0.9634860157966614
0.33902475237846375
-1.257259726524353
1.0904837846755981
0.48397862911224365
-1.332216739654541
1.1539826393127441
0.5645085573196411
-1.1972941160202026
1.2016068696975708
0.661144495010376
-1.1673113107681274
1.0111101865768433
0.48397862911224365
-1.2272769212722778
0.757114589214325
0.22628283500671387
-1.2272769212722778
0.48724430799484253
-0.0797310322523117
-1.1373285055160522
0.2173740118741989
-0.38574478030204773
-1.1373285055160522
0.264998197555542
-0.41795676946640015
-0.9724231362342834
0.3126223683357239
-0.41795676946640015
-0.8674832582473755
0.2491234689950943
-0.4984866976737976
-0.9274488687515259
0.2491234689950943
-0.4823807179927826
-0.9274488687515259
0.2173740118741989
-0.5145926475524902
-0.9424402713775635
0.2332487404346466
-0.5145926475524902
-0.9124574661254883
0.2808729112148285
-0.4501687288284302
-0.8375004529953003
0.2173740118741989
-0.38574478030204773
-0.8075176477432251
0.20149929821491241
-0.40185075998306274
-0.8075176477432251
0.2808729112148285
-0.43406274914741516
-0.8674832582473755
0.3284970819950104
-0.4823807179927826
-1.0623714923858643
0.15387512743473053
-0.6273345947265625
-1.2122855186462402
-0.13187001645565033
-0.6917585134506226
-1.1373285055160522
-0.2112436294555664
-0.8206064105033875
-1.2722511291503906
-0.05249639227986336
-0.6756525635719299
-1.1223371028900146
-0.3382413983345032
-0.9011363387107849
-1.257259726524353
-1.0684787034988403
-1.4809520244598389
-1.5420963764190674
-1.4494720697402954
-1.8997076749801636
-1.707001805305481
0.09037623554468155
-0.4662747085094452
-0.8524918556213379
0.9317365288734436
0.4034487009048462
-0.29780998826026917
-0.44936448335647583
-0.9816663265228271
-1.1972941160202026
-0.6716105937957764
-1.1266202926635742
-1.1972941160202026
0.8206135034561157
0.33902475237846375
0.032000817358493805
0.6777409911155701
0.09743493795394897
-0.29780998826026917
0.8523629307746887
0.30681276321411133
-0.40274980664253235
0.9952354431152344
0.4195546805858612
-0.7025778293609619
1.2174816131591797
0.725568413734436
-0.6875864267349243
1.4714771509170532
1.0637941360473633
-0.5676552057266235
1.4714771509170532
1.096006155014038
-0.6276208162307739
1.2968552112579346
0.9349462389945984
-0.6576036214828491
1.042859673500061
0.6450384855270386
-0.5226809978485107
0.7888640761375427
0.32291874289512634
-0.47770681977272034
0.6459915637969971
0.1457529067993164
-0.41774120926856995
0.5983673930168152
0.08132895082235336
-0.32779279351234436
0.5983673930168152
0.0652228444814682
-0.29780998826026917
0.5666179060935974
0.0007988978759385645
-0.32779279351234436
0.43962013721466064
-0.14415498077869415
-0.44772401452064514
0.5348684787750244
-0.04751906171441078
-0.35777559876441956
0.5824926495552063
0.016904884949326515
-0.31280139088630676
0.37612125277519226
-0.11194300651550293
-0.34278419613838196
0.2332487404346466
-0.30521485209465027
-0.46271541714668274
0.36024653911590576
-0.3213208317756653
-0.5526638031005859
0.5666179060935974
-0.28910887241363525
-0.6725950241088867
0.296747624874115
-0.4501687288284302
-0.8824746608734131
-0.2112436294555664
-0.5306986570358276
-0.8225090503692627
-0.10012055933475494
-0.5145926475524902
-0.8375004529953003
0.07450151443481445
-0.43406274914741516
-0.7325606346130371
-0.08424583822488785
-0.5790166258811951
-0.8225090503692627
-0.5287380814552307
-0.9011363387107849
-1.0173972845077515
-0.35411614179611206
-0.7239705324172974
-0.8524918556213379
0.7094904184341431
0.2746008038520813
-0.14789599180221558
1.4397276639938354
0.9832642078399658
0.3917945623397827
0.40787070989608765
-0.0797310322523117
-0.44772401452064514
-0.03662167116999626
-0.4984866976737976
-0.6276208162307739