-0.06990985572338104
-0.13723160326480865
0.13530480861663818
0.23330602049827576
-0.17873841524124146
-0.15568719804286957
0.45380619168281555
0.20312485098838806
0.13003399968147278
-0.05454714223742485
-0.20710667967796326
-0.28938403725624084
-0.2783072292804718
-0.017835810780525208
-0.09773322939872742
0.01527357380837202
-0.0245746448636055
-0.23202915489673615
-0.23593588173389435
0.030089121311903
0.2372148633003235
0.23628684878349304
-0.2224896401166916
0.09661614149808884
0.14773623645305634
0.12281905859708786
-0.048643384128808975
0.02419159561395645
0.11398310214281082
-0.10112496465444565
-0.5126008987426758
-0.41067856550216675
0.10109717398881912
-0.10783971846103668
-0.25675317645072937
-0.20299704372882843
0.07101200520992279
0.006015217863023281
0.2307627946138382
0.11385885626077652
-0.033421460539102554
-0.1338556855916977
-0.1319284290075302
0.14998143911361694
0.40085506439208984
0.25135424733161926
0.09787635505199432
-0.22596007585525513
0.028858980163931847
0.2758978605270386
0.3736385405063629
-0.042433883994817734
-0.31821125745773315
-0.1529170572757721
-0.13218268752098083
-0.15254023671150208
-0.03356538712978363
-0.18207567930221558
0.02553209848701954
0.3281480371952057
-0.10962095111608505
0.432125449180603
0.21153317391872406
-0.11097970604896545
-0.03256545588374138
0.007458481937646866
-0.07834846526384354
0.20573864877223969
0.24740855395793915
0.29976925253868103
-0.26057520508766174
-0.1149805337190628
-0.15721546113491058
0.24999403953552246
0.1989082247018814
0.12016239017248154
0.0297115258872509
0.0585627518594265
0.33435478806495667
-0.09883463382720947
-0.12619692087173462
-0.3485877215862274
-0.4864654541015625
0.24645504355430603
0.5204415321350098
-0.12438464909791946
0.387381374835968
-0.059098001569509506
0.0902789980173111
0.12384122610092163
-0.1878153681755066
0.08325649052858353
-0.20329958200454712
-0.5346708297729492
0.22504299879074097
0.03975778445601463
-0.035172879695892334
0.05701594427227974
-0.015760434791445732
0.34664782881736755
-0.1812526136636734
0.11747373640537262
-0.24385769665241241
-0.11309625208377838
0.2599712610244751
-0.034318581223487854
0.05022815614938736
-0.15529675781726837
0.26374611258506775
-0.0003963397175539285
0.10171899199485779
0.01217070035636425
0.03063095174729824
-0.09315899759531021
0.07903119176626205
-0.08078743517398834
-0.2855962812900543
-0.4208695888519287
0.06823411583900452
-0.005987084005028009
-0.1437067985534668
-0.04891195148229599
-0.07137753069400787
-0.5730365514755249
-0.10534495860338211
0.10329224169254303
0.11457441002130508
0.031661875545978546
-0.16147196292877197
-0.39138704538345337
0.013605101965367794
0.005358243826776743
0.309138685464859
0.30126047134399414
-0.24044151604175568
-0.009285654872655869
0.39666837453842163
-0.39328038692474365
0.0816972628235817
-0.3245079219341278
0.31267228722572327
-0.2221514880657196
0.14321838319301605
-0.3968368172645569
0.08585725724697113
0.17120032012462616
-0.2677561342716217
-0.18643976747989655
0.29541972279548645
0.21738196909427643
0.4746333360671997
-0.16295111179351807
-0.16462267935276031
-0.18165042996406555
0.3085477650165558
-0.13583624362945557
-0.07054358720779419
-0.09235809743404388
0.847057580947876
-0.19701340794563293
-0.11374609917402267
0.18182998895645142
-0.21260644495487213
-0.10400190204381943
-0.07684265077114105
0.20455816388130188
-0.26587527990341187
0.022160708904266357
0.32174527645111084
-0.5217822194099426
-0.10801725834608078
-0.05904550105333328
-0.40969353914260864
0.173928365111351
0.3317306637763977
-0.2727316915988922
0.22354094684123993
-0.1354111284017563
0.016751477494835854
0.20668606460094452
-0.16790854930877686
-0.06949774920940399
0.1335567831993103
-0.2438211590051651
0.4529467523097992
0.02651245705783367
-0.26738059520721436
-0.1234128475189209
0.16691364347934723
-0.19983066618442535
0.7596972584724426
0.054215457290410995
0.07510963082313538
0.08157534152269363
-0.08967434614896774
0.2592450976371765
0.19140934944152832
0.08269908279180527
-0.123641237616539
-0.06109711900353432
-0.2822587788105011
-0.3869960606098175
-0.08538363128900528
-0.07308889925479889
-0.1764739751815796
-0.3907649517059326
-0.016937805339694023
0.02235386334359646
-0.35390275716781616
0.05078946426510811
0.3974209129810333
-0.033989258110523224
0.20124563574790955
0.11272051185369492
-0.11189904063940048
0.05842428281903267
0.07829436659812927
-0.2692044973373413
-0.223091721534729
0.15761926770210266
-0.007688244804739952
0.07005062699317932
0.1627853363752365
-0.3238144814968109
-0.13501182198524475
-0.09371086955070496
0.07931982725858688
0.40682661533355713
-0.5122784376144409
-0.0193280391395092
0.07795601338148117
0.16810517013072968
0.30721285939216614
-0.1259751319885254
-0.19333089888095856
0.19272620975971222
0.2665373682975769
-0.15849734842777252
-0.11230859905481339
-0.25771185755729675
-0.06561881303787231
0.21629886329174042
-0.38717979192733765
0.16900666058063507
-0.10741337388753891
0.13911069929599762
-0.1972346156835556
-0.22430604696273804
-0.2064405232667923
0.24179492890834808
0.20465931296348572
-0.10971236228942871
0.24217745661735535
0.08701188862323761
0.13229402899742126
-0.4411747455596924
0.7372910380363464
0.009741988964378834
0.1873091757297516
-0.13588206470012665
-0.2584254741668701
0.14812447130680084
-0.3992063105106354
-0.18923340737819672
-0.16041895747184753
-0.08789284527301788
0.11180749535560608
-0.2035338282585144
0.013003088533878326
0.2560414969921112
0.42311370372772217
-0.1285334676504135
-0.5581343173980713
-0.29084354639053345
0.2590169906616211
0.10966348648071289
0.14866431057453156
0.23726847767829895
0.2793281376361847
-0.08804041147232056
-0.15024693310260773
-0.06738597899675369
0.19443026185035706
0.10690534859895706
-0.3743424117565155
0.13739554584026337
0.05937574803829193
-0.47848498821258545
-0.19043226540088654
-0.20191484689712524
0.14270749688148499
0.05162259563803673
-0.4377371668815613
-0.38267454504966736
-0.003355607157573104
-0.002235639840364456
0.38253462314605713
-0.2630119025707245
0.24334119260311127
-0.028633568435907364
-0.4543532729148865
0.15642783045768738
0.30886945128440857
0.021276889368891716
0.09817365556955338
-0.192284494638443
0.4984147548675537
0.30951517820358276
0.04534691199660301
-0.4614710211753845
0.35501909255981445
0.01401441264897585
-0.3428778052330017
-0.6594537496566772
0.3743858337402344
-0.0414782278239727
-0.20300041139125824
0.0439736545085907
0.3717838525772095
0.1531149297952652
-0.005391816608607769
-0.44616276025772095
0.22385388612747192
-0.42913904786109924
-0.24448533356189728
-0.35610848665237427
0.13889478147029877
-0.15926966071128845
0.3609349727630615
-0.4745854437351227
-0.24413198232650757
0.06935865432024002
-0.1577109843492508
-0.6169853210449219
-0.31247833371162415
0.7921938896179199
0.032119546085596085
0.0003037189308088273
0.22449930012226105
0.13260343670845032
-0.07164671272039413
0.24206210672855377
0.5293659567832947
0.09200993180274963
0.1496187001466751
-0.03114241547882557
-0.3147900700569153
0.31161412596702576
0.19414500892162323
0.007717322092503309
-0.36860018968582153
-0.12099115550518036
-0.22843584418296814
0.16388234496116638
0.0056021856144070625
-0.051774099469184875
-0.19113607704639435
0.0066361138597130775
-0.09680339694023132
-0.021254686638712883
0.11452854424715042
0.5363748073577881
0.29975229501724243
0.29350751638412476
0.12795843183994293
-0.2639416456222534
-0.17338593304157257
-0.33778923749923706
-0.15046997368335724
0.11644529551267624
0.10257871448993683
0.1417502760887146
-0.050524722784757614
0.5233738422393799
-0.020170779898762703
-0.12380226701498032
0.05903530865907669
0.18350359797477722
0.2553221583366394
-0.18997535109519958
0.037975940853357315
-0.14797455072402954
0.5135086178779602
0.2609105110168457
-0.014162767678499222
0.19415085017681122
-0.259804904460907
0.33251258730888367
-0.186992809176445
0.1856517493724823
0.007225469220429659
0.07877891510725021
0.10697018355131149
-0.2416323870420456
-0.13228189945220947
-0.39995625615119934
-0.42822134494781494
-0.11251069605350494
0.15996937453746796
0.38016605377197266
0.1478009819984436
0.09051785618066788
-0.2563602328300476
-0.2958885729312897
-0.12051130086183548
-0.3074777126312256
0.05130424350500107
0.2965719997882843
0.08476919680833817
0.07130700349807739
0.24147671461105347
0.10338370501995087
-0.046685460954904556
-0.14464902877807617
0.4080972373485565
-0.33403173089027405
-0.19386453926563263
-0.12046293914318085
0.19719678163528442
0.12035979330539703
-0.21050582826137543
0.1823987066745758
0.22513078153133392
-0.11594495922327042
-0.31122535467147827
-0.09780137240886688
-0.09601496160030365
0.07942633330821991
0.3189567029476166
-0.14808820188045502
0.031399160623550415
-0.05132679641246796
-0.13034072518348694
0.012030505575239658
0.020740540698170662
-0.28931286931037903
0.042542215436697006
-0.3547693192958832
0.2948385179042816
-0.20691606402397156
-0.052861034870147705
0.09324254095554352
0.20808368921279907
0.07176357507705688
0.15490680932998657
0.1929902583360672
0.156669020652771
-0.12925799190998077
0.18280936777591705
-0.20554429292678833
-0.16600050032138824
-0.02128174901008606
-0.12043270468711853
-0.0518769733607769
-0.24064859747886658
0.19877135753631592
-0.09425980597734451
-0.10733826458454132
0.0793774202466011
0.08063120394945145
-0.03078881837427616
0.026397718116641045
0.011292662471532822
-0.056797225028276443
-0.042147111147642136
-0.19401337206363678
-0.2894270718097687
-0.29035598039627075
-0.1519215703010559
-0.10950890183448792
-0.2534981667995453
-0.1857549250125885
0.0885322317481041
0.10920120030641556
0.13710428774356842
0.29245680570602417
-0.09484481066465378
0.0817212164402008
0.11465119570493698
0.2856399118900299
-0.046586550772190094
0.06196535751223564
0.10884150117635727
0.01731494627892971
0.1770021766424179
0.2103392630815506
0.39040371775627136
-0.10879961401224136
0.08330360054969788
-0.2302015870809555
-0.5848624110221863
-0.18751280009746552
0.17266009747982025
0.3448318541049957
0.00746837118640542
0.4888116419315338
-0.014557050541043282
0.3311506509780884
-0.4707823395729065
-0.3495352566242218
-0.1248234286904335
0.05693083256483078
0.08174983412027359
0.15661177039146423
0.28448429703712463
-0.07409828901290894
0.24904672801494598
-0.050425946712493896
-0.24025030434131622
0.021738680079579353
0.09507138282060623
-0.23594436049461365
0.03230860084295273
-0.040211692452430725
-0.11664677411317825
0.09465061873197556
0.2505998909473419
-0.28582045435905457
-0.013088294304907322
0.04613441601395607
0.19405311346054077
-0.1773342341184616
-0.013154122047126293
0.36911916732788086
0.35132038593292236
0.09425389766693115
-0.4367663562297821
-0.29940178990364075
-0.31145748496055603
0.12404371052980423
0.18345358967781067
0.36130648851394653
-0.09016195684671402
0.11690603196620941
-0.48407885432243347
-0.4075383245944977
-0.5465545654296875
0.13842639327049255
0.6633131504058838
0.2789095640182495
0.2724551856517792
-0.5295499563217163
0.2195642739534378
0.463675320148468
-0.08153048157691956
-0.4628554582595825
-0.1684313863515854
0.12273401021957397
0.14939939975738525
-0.23601318895816803
0.5177484750747681
-0.050970278680324554
0.11633386462926865
-0.21022337675094604
-0.02799338474869728
-0.06666523963212967
-0.4094372093677521
-0.27588653564453125
0.03536808118224144
-0.12955084443092346
0.04880063980817795
-0.2761837840080261
-0.022588418796658516
0.20237679779529572
0.1692960113286972
-0.13640457391738892
0.04999856278300285
-0.2829364240169525
-0.09276224672794342
-0.5858798623085022
-0.0770755261182785
0.05885658040642738
-0.12220305949449539
0.139754980802536
-0.4155927896499634
-0.3024243116378784
0.1357327550649643
0.14214417338371277
-0.01805758662521839
-0.05528579279780388
0.02254023775458336
0.3844013214111328
0.06528874486684799
0.27919474244117737
0.08801492303609848
0.22207441926002502
0.17850081622600555
0.17751063406467438
-0.14560389518737793
0.054489944130182266
-0.13164976239204407
0.04561277851462364
0.03567810356616974
0.24482272565364838
-0.06067348271608353
-0.2559834122657776
0.2616158425807953
0.29618513584136963
-0.28424543142318726
0.1685163527727127
0.15456841886043549
0.24751515686511993
-0.5168969035148621
0.052192263305187225
-0.3142286539077759
-0.35568949580192566
0.4282623827457428
-0.2862243354320526
0.1437521129846573
0.06259845942258835
0.08781459927558899
-0.31642022728919983
-0.07662975788116455
0.25777605175971985
-0.33200281858444214
0.0268618892878294
-0.07007786631584167
0.23909537494182587
0.051901303231716156
-0.21896645426750183
0.3689045011997223
-0.27090662717819214
0.0940374955534935
0.46782436966896057
-0.28991320729255676
-0.09405900537967682
-0.13797757029533386
-0.0070623536594212055
0.11810170859098434
0.19085727632045746
0.24357400834560394
0.10981541872024536
-0.05487979203462601
0.23817288875579834
0.20968297123908997
-0.17335465550422668
-0.09399332851171494
-0.3675535023212433
-0.15358489751815796
-0.08450323343276978
-0.07078397274017334
-0.2944009602069855
0.11341024190187454
0.17623920738697052
-0.31200236082077026
0.1268383115530014
0.28206899762153625
0.24231094121932983
-0.09548020362854004
0.14770524203777313
0.00356679386459291
-0.6606444716453552
0.03611987456679344
0.24925480782985687
-0.0011161863803863525
0.24396279454231262
0.06651967018842697
-0.09479430317878723
-0.1147327870130539
0.05235177278518677
-0.6651970148086548
0.009732124395668507
0.35299697518348694
-0.388108491897583
-0.11026646941900253
0.39374956488609314
0.3286590576171875
-0.17452718317508698
0.05263606831431389
0.044636070728302
-0.04185972362756729
0.12549711763858795
-0.046410396695137024
-0.248841792345047
0.20883874595165253
-0.04681038856506348
0.1801622062921524
0.1765124648809433
0.23839710652828217
-0.47574582695961
0.07153157144784927
0.1537514179944992
-0.1795577108860016
-0.100898876786232
-0.5841681361198425
-0.5874584913253784
-0.09271363914012909
-0.04326648265123367
0.2959938943386078
0.1430216133594513
0.2985384166240692
0.21754322946071625
-0.2488097995519638
0.19160248339176178
-0.053041670471429825
0.13447871804237366
0.03756076097488403
0.19200703501701355
0.23989249765872955
-0.0338004007935524
0.005621253978461027
-0.10713082551956177
-0.015114194713532925
-0.2085166722536087
0.014499212615191936
0.13654650747776031
0.2690053880214691
-0.035990551114082336
0.1320665031671524
-0.2350090742111206
0.12624777853488922
0.23390735685825348
-0.24531778693199158
-0.20038841664791107
0.23238037526607513
-0.12967081367969513
-0.30893218517303467
0.35367342829704285
-0.22660280764102936
-0.13448508083820343
0.10113495588302612
0.07679600268602371
-0.2883128523826599
0.06579887866973877
-0.1521301567554474
0.36846986413002014
-0.007474647834897041
0.1131380945444107
0.39583542943000793
0.12496475875377655
0.3489089608192444
0.16083203256130219
-0.06875152140855789
0.329830139875412
0.021081479266285896
-0.0015451727667823434
0.2392919659614563
0.17905792593955994
-0.17683088779449463
0.15622492134571075
-0.042101360857486725
-0.07616107910871506
-0.2204955369234085
0.09788955003023148
0.3605883717536926
0.35084068775177
-0.06818000227212906
-0.4148225486278534
0.012081439606845379
0.32915249466896057
-0.17149955034255981
0.09075318276882172
0.2350194901227951
-0.1734183132648468
-0.02865758165717125
0.23386600613594055
-0.1478414386510849
-0.2721540033817291
0.07982347905635834
-0.21760103106498718
0.009040000848472118
0.041860442608594894
0.1134127601981163
0.19561241567134857
-0.10930324345827103
0.3594496548175812
0.3352987468242645
0.03583882749080658
-0.40411484241485596
0.06665481626987457
-0.12807248532772064
-0.06595414131879807
0.4290317893028259
-0.1197509840130806
0.16038987040519714
-0.06506948173046112
-0.13588061928749084
0.5131695866584778
0.13963298499584198
0.0654323473572731
0.046548206359148026
-0.1155322790145874
-0.24855837225914001
-0.3835533559322357
0.34672433137893677
-0.017289547249674797
-0.33885759115219116
-0.08575651049613953
-0.04942227900028229
-0.02212708443403244
0.12385302782058716
-0.27796611189842224
0.17565514147281647
0.3458768129348755
-0.13968336582183838
-0.06128164008259773
0.11291686445474625
-0.08690224587917328
-0.09822507202625275
-0.04403175413608551
0.21810761094093323
-0.09449784457683563
-0.09360100328922272
-0.24187132716178894
0.5518684387207031
-0.2617475092411041
0.03704473376274109
-0.20136508345603943
0.380327969789505
0.26782897114753723
-0.09786965698003769
0.07900841534137726
0.3579994738101959
0.44602498412132263
-0.04478533938527107
0.25318092107772827
-0.04180113598704338
0.3286972641944885
0.06112862005829811
-0.17658671736717224
0.12222504615783691
0.19881995022296906
-0.4807299077510834
-0.11554915457963943
-0.1759464293718338
0.0507575087249279
0.03531067073345184
-0.08682063966989517
-0.27177882194519043
-0.11207537353038788
-0.16784867644309998
-0.1887086182832718
0.21721889078617096
-0.2531631588935852
-0.18573325872421265
0.483606219291687
-0.1898554265499115
0.08149834722280502
0.21545399725437164
0.2766464650630951
0.026034057140350342
-0.1708439141511917
-0.08516304194927216
0.06627821177244186
0.0868208259344101
0.13737918436527252
0.33562541007995605
-0.0628129243850708
-0.07145721465349197
-0.22015972435474396
0.22010235488414764
0.14337295293807983
-0.24371738731861115
0.322465181350708
0.4291501045227051
-0.4512151777744293
-0.14874498546123505
0.1525985449552536
-0.2886696457862854
-0.1727713793516159
-0.11803862452507019
-0.04977857694029808
-0.1335061639547348
-0.3593524098396301
0.10603655129671097
0.3853292763233185
0.37977898120880127
-0.14915302395820618
-0.30695289373397827
-0.6033993363380432
0.2674742639064789
-0.19481806457042694
0.18975989520549774
-0.2777726948261261
0.3861333727836609
-0.10701150447130203
-0.20575810968875885
-0.022843552753329277
-0.46200114488601685
0.1267152577638626
0.12599943578243256
0.31864866614341736
0.04359076917171478
-0.10348163545131683
0.03153901547193527
-0.060438357293605804
-0.08321534097194672
0.10277783125638962
0.17201237380504608
-0.21154315769672394
0.17393773794174194
-0.14386466145515442
-0.11995929479598999
-0.286038875579834
-0.036908674985170364
0.21290485560894012
0.0659346729516983
-0.021755024790763855
0.13904578983783722
-0.052242401987314224
0.26017993688583374
0.2582700252532959
-0.18624860048294067
0.15380577743053436
0.40499967336654663
0.28752583265304565
-0.1154184564948082
0.06621277332305908
-0.15962904691696167
0.13199688494205475
-0.006119646597653627
-0.2884819209575653
-0.15668867528438568
-0.25026625394821167
-0.6016632318496704
-0.13572584092617035
0.3144147992134094
-0.29727253317832947
-0.05910081788897514
-0.09459897130727768
-0.058473024517297745
0.041672877967357635
0.2178238034248352
0.24016337096691132
-0.29984432458877563
0.15390661358833313
-0.2256249040365219
-0.13499440252780914
-0.28196030855178833
-0.21382692456245422
-0.2693021297454834
0.3856924772262573
0.11570316553115845
-0.17989608645439148
-0.1459542065858841
-0.2776980400085449
0.36872240900993347
0.25294724106788635
0.19225220382213593
0.013882670551538467
-0.13040612637996674
0.37395957112312317
0.06524237245321274
0.20056694746017456
0.08991888165473938
0.4234863519668579
-0.26136624813079834
0.3089389503002167
-0.7299636602401733
-0.05471998453140259
0.3822145462036133
-0.003494048258289695
0.034760430455207825
0.3621630072593689
0.05179443210363388
0.08613303303718567
-0.08516348898410797
-0.267924427986145
0.40640631318092346
-0.13015595078468323
0.12823037803173065
0.28581684827804565
-0.1660531908273697
-0.5608885884284973
0.08506619185209274
0.07954985648393631
0.16644319891929626
0.2667008936405182
0.04476912319660187
-0.18015506863594055
-0.11561377346515656
-0.10420464724302292
-0.1797601282596588
0.3999294638633728
-0.10468809306621552
0.05077280476689339
0.16488337516784668
-0.010634987615048885
0.15126581490039825
0.0017173757078126073
-0.4198768138885498
-0.09232943505048752
-0.17349328100681305
0.17647479474544525
-0.04069051146507263
-0.2726368308067322
0.11976798623800278
0.13362979888916016
0.18520517647266388
0.2139013707637787
0.3219323754310608
-0.18283401429653168
-0.02224658615887165
0.018320439383387566
-0.030557235702872276
-0.029489196836948395
-0.4135897755622864
-0.13289543986320496
0.09327355772256851
-0.16523687541484833
0.03597865253686905
0.14315278828144073
-0.13939884305000305
0.27278369665145874
-0.18919150531291962
-0.0024463769514113665
0.1283794790506363
-0.1970696896314621
-0.027544576674699783
-0.6311553120613098
-0.31242528557777405
0.17424604296684265
0.1261298954486847
0.28116852045059204
0.09778068214654922
0.08907128870487213
-0.013608192093670368
0.2345314621925354
0.33576932549476624
0.049854427576065063
-0.32476478815078735
0.23355542123317719
0.08825162053108215
-0.047101352363824844
-0.2063531130552292
-0.2275598794221878
-0.22078600525856018
-0.08015866577625275
0.3261505961418152
0.24006593227386475
-0.34176120162010193
0.1201021671295166
-0.18768805265426636
0.06675397604703903
0.17910675704479218
0.1489059180021286
-0.18373560905456543
0.04722828418016434
0.1653025597333908
-0.10230135172605515
0.16720841825008392
-0.3000231981277466
0.39202380180358887
-0.18977971374988556
-0.2788355052471161
-0.022508732974529266
-0.2551455795764923
-0.2685367465019226
-0.024129826575517654
0.2489093393087387
0.0499274805188179
-0.31599265336990356
-0.22764736413955688
0.17273840308189392
0.07657910138368607
0.12189222127199173
-0.6157254576683044
-0.003764199558645487
-0.5950291752815247
-0.16942283511161804
0.43221771717071533
0.08946184813976288
-0.3808634281158447
0.30132538080215454
0.16642113029956818
-0.15171435475349426
0.23270568251609802
0.2601131796836853
0.16027702391147614
0.10023799538612366
-0.041899390518665314
-0.09858957678079605
0.4193201959133148
-0.11421307176351547
-0.2768131494522095
0.2588876187801361
-0.43193599581718445
0.04499708116054535
-0.23417814075946808
0.14109349250793457
-0.20063433051109314
0.18821218609809875
-0.02974698133766651
0.0497404970228672
-0.16019776463508606
-0.06369297206401825
-0.04640381038188934
0.15338951349258423
0.4898851215839386
-0.04103124141693115
-0.4714372456073761
-0.03225145488977432
0.15461993217468262
0.13247987627983093
-0.2878604233264923
0.3447108268737793
-0.15211309492588043
0.17454315721988678
0.09685369580984116
-0.279189795255661
-0.2615739703178406
0.3999262750148773
0.003356867702677846
0.03909683600068092
-0.21150076389312744
-0.1230960562825203
-0.01778438873589039
-0.42190614342689514
0.24049369990825653
-0.21086162328720093
0.03141666203737259
-0.15052150189876556
0.02744605951011181
0.09260545670986176
0.34413060545921326
0.03326056897640228
-0.06902209669351578
-0.061903852969408035
-0.2124909907579422
-0.009125650860369205
0.15094050765037537
-0.03622124716639519
0.2923903167247772
-0.23222094774246216
0.1522916555404663
-0.32117557525634766
-0.5365944504737854
0.032732486724853516
-0.19317689538002014
0.40524691343307495
0.024231797084212303
0.32704615592956543
0.17736171185970306
0.07308995723724365
-0.37924909591674805
-0.19811943173408508
0.22512950003147125
0.2215353101491928
0.5304422378540039
-0.15404704213142395
-0.10113967210054398
-0.0647534653544426
-0.4481002986431122
-0.25716203451156616
0.27287399768829346
-0.12081488221883774
0.40591681003570557
0.015351871028542519
0.23786821961402893
0.27194806933403015
0.0759318470954895
0.12006241828203201
-0.38604211807250977
-0.13975684344768524
-0.1120697632431984
0.036053817719221115
-0.08758081495761871
0.024868546053767204
-0.2355841100215912
-0.17882028222084045
0.20862556993961334
-0.14010004699230194
0.1326943337917328
0.16231493651866913
0.025042634457349777
-0.2168232947587967
0.07486703991889954
0.5445383191108704
0.15701493620872498
-0.11406733095645905
0.5247014760971069
-0.5821502208709717
0.17069390416145325
-0.09432441741228104
-0.20637431740760803
-0.3313552439212799
0.2381509691476822
-0.032163992524147034
-0.40324562788009644
-0.2176211029291153
0.27173566818237305
0.15906240046024323
-0.19086846709251404
0.2109519988298416
-0.05125448852777481
-0.4045373201370239
0.18654100596904755
0.1728217750787735
-0.40984949469566345
0.24953806400299072
0.1439853459596634
-0.1933629810810089
-0.18542617559432983
-0.29362642765045166
-0.11910304427146912
-0.42439913749694824
0.40804439783096313
0.322196364402771
0.12719225883483887
0.051526594907045364
-0.06135140731930733
-0.21252267062664032
-0.3646850883960724
0.25986096262931824
-0.1146489828824997
0.1115766391158104
0.40232065320014954
0.13488109409809113
0.18172398209571838
-0.167876198887825
0.16760066151618958
0.11087537556886673
-0.284158855676651
0.04524369165301323
0.3461405336856842
-0.0604109987616539
0.06296383589506149
0.025547068566083908
0.2526583671569824
0.070039764046669
-0.07037371397018433
0.07827606797218323
0.1573602259159088
0.1541152000427246
-0.1840459257364273
0.08234462141990662
-0.5558117628097534
-0.13693882524967194
-0.09617892652750015
-0.30882206559181213
-0.16673286259174347
0.18256664276123047
-0.20922625064849854
-0.12712526321411133
0.2831656336784363
-0.13153575360774994
-0.08160308003425598
0.01243794709444046
0.11880835890769958
0.2823562026023865
0.11523951590061188
0.1706354320049286
-0.10691795498132706
-0.15127809345722198
-0.12013658136129379
-0.22306323051452637
0.2000788450241089
0.010211491025984287
0.08019411563873291
-0.2026168555021286
-0.25149819254875183
0.16588172316551208
-0.277355432510376
0.30523180961608887
-6.697521894238889e-05
-0.34861239790916443
0.26736366748809814
0.5157227516174316
-0.1224289983510971
-0.22054988145828247
-0.050299402326345444
0.2854129672050476
0.3095192611217499
-0.06158936023712158
-0.014227203093469143
0.10195239633321762
0.2996830940246582
-0.04900314658880234
0.012584819458425045
0.4085357189178467
-0.1427043229341507
0.5565455555915833
0.3309869170188904
-0.1615511178970337
0.06300542503595352
-0.30641230940818787
-0.22137388586997986
0.27051493525505066
-0.05242138355970383
-0.3423830270767212
0.20116251707077026
0.009325397200882435
-0.5496187210083008
-0.2834337651729584
-0.06301991641521454
0.2339286357164383
0.2197881042957306
0.3004900813102722
-0.28372296690940857
-0.6661500930786133
-0.09659091383218765
0.04736996442079544
0.1669069528579712
-0.18120570480823517
0.003386325901374221
0.2095097303390503
0.2617594003677368
-0.02452120929956436
0.10792946815490723
0.27816101908683777
-0.1877448558807373
0.27375486493110657
0.16842566430568695
0.0030619048047810793
0.6513031721115112
-0.12004856020212173
-0.4004195034503937
-0.5335208177566528
-0.4461514949798584
-0.0830080509185791
-0.1315630078315735
0.24400348961353302
-0.06996384263038635
-0.022673364728689194
0.7385188937187195
-0.29660964012145996
0.04794982075691223
-0.43578389286994934
-0.1234566941857338
0.01699061691761017
-0.3229426145553589
0.012079997919499874
0.2293011099100113
-0.005347466561943293
-0.43267199397087097
0.3630671203136444
-0.019570190459489822
0.4189092516899109
-0.11935597658157349
0.10313960164785385
-0.40376630425453186
-0.3242560923099518
-0.39801838994026184
-0.007209751754999161
-0.11433625966310501
0.2682337760925293
0.2068299651145935
0.11723334342241287
-0.16527990996837616
0.02400786057114601
0.06056036427617073
0.21971124410629272
-0.1061004176735878
0.05179243162274361
-0.22736500203609467
-0.20962658524513245
0.16706353425979614
0.13787531852722168
0.19474999606609344
0.4198019802570343
0.16079245507717133
-0.1019165888428688
0.27829501032829285
-0.24141986668109894
0.336631178855896
0.11842453479766846
0.06453870981931686
-0.05272870138287544
-0.3086051642894745
-0.03768813610076904
-0.11711851507425308
-0.10346565395593643
-0.1735483705997467
0.291596382856369
-0.4155692458152771
-0.17442788183689117
-0.02473716251552105
0.1530483365058899
-0.00995057076215744
-0.019384494051337242
-0.3060438930988312
0.19554325938224792
-0.4458489418029785
0.3280269503593445
0.10451215505599976
0.3498058617115021
0.2285461574792862
-0.06803042441606522
0.054050710052251816
-0.14532959461212158
0.09839167445898056
-0.06756199151277542
0.2654937505722046
0.10488054156303406
-0.1346290558576584
0.12606166303157806
-0.7778562307357788
0.0021913466043770313
0.2624119222164154
-0.12303706258535385
0.2418222874403
0.2858721911907196
-0.0378592386841774
0.022900355979800224
0.30458521842956543
0.05385274812579155
0.046045415103435516
0.1608503758907318
-0.2563421130180359
-0.15723317861557007
0.2283962070941925
-0.28926122188568115
-0.07611885666847229
0.059025704860687256
0.3786374032497406
0.14277110993862152
-0.35274606943130493
-0.013613216578960419
-0.38884544372558594
0.16966243088245392
-0.3078770041465759
-0.005524711217731237
0.32170966267585754
-0.01513270940631628
-0.13931924104690552
-0.2527012825012207
-0.2889290452003479
-0.2902563810348511
-0.24701733887195587
0.19171322882175446
0.2990170419216156
0.06527610868215561
-0.005366898607462645
-0.2830999493598938
-0.5647509694099426
-0.02211788110435009
0.2244902104139328
0.10489889979362488
0.010718990117311478
0.3631371259689331
0.8214516639709473
0.5218180418014526
-0.47938719391822815
0.30512744188308716
-0.3080793023109436
-0.07760178297758102
0.01862017810344696
0.014919196255505085
0.5513307452201843
0.3415505588054657
0.3466419279575348
-0.06863508373498917
0.29960739612579346
-0.2430865317583084
-0.24995894730091095
-0.05283978208899498
-0.08601158112287521
0.14049188792705536
0.05490460991859436
-0.012767317704856396
-0.20988687872886658
-0.1898159235715866
0.26999297738075256
5.8695575717138126e-05
0.01458763238042593
-0.4809314012527466
-0.032660797238349915
0.48325568437576294
-0.027274850755929947
0.6924340724945068
-0.12034888565540314
0.16647905111312866
0.15696357190608978
0.261746883392334
0.28569909930229187
-0.20504049956798553
0.07304181158542633
0.0737803727388382
-0.05226699635386467
0.025060299783945084
0.14691148698329926
0.0909634456038475
0.030716702342033386
-0.2848019003868103
0.0670849159359932
-0.132145956158638
0.10852846503257751
-0.3028380870819092
-0.3141235113143921
-0.1829216331243515
-0.33609163761138916
-0.0990462526679039
-0.5336638689041138
0.24944254755973816
0.24231277406215668
-0.04554072767496109
-0.013527384027838707
-0.31718870997428894
0.26420465111732483
-0.18025915324687958
-0.15010760724544525
-0.04868949204683304
0.005534362513571978
0.33448153734207153
-0.0720401182770729
0.1667536497116089
-0.36637163162231445
-0.30124813318252563
-0.02751237154006958
0.1928822100162506
0.33490628004074097
0.06990676373243332
-0.12194748222827911
-0.28217965364456177
0.13646826148033142
0.024685122072696686
-0.07340890914201736
-0.4819704592227936
0.11932261288166046
0.06523006409406662
0.19811832904815674
0.09388499706983566
0.0428585559129715
0.17733396589756012
-0.08764861524105072
-0.14095012843608856
-0.010395660065114498
0.28866446018218994
-0.16351501643657684
-0.094453826546669
0.10600017011165619
0.013654446229338646
0.12869593501091003
-0.3667604923248291
-0.007329739164561033
0.22908371686935425
-0.3298775851726532
-0.2828444540500641
0.06761325150728226
0.23434026539325714
-0.2993191182613373
-0.0963803380727768
0.37298840284347534
-0.3420512080192566
-0.14228226244449615
-0.10766708850860596
0.32483407855033875
0.1067718043923378
0.12917180359363556
-0.05770142376422882
0.0439276285469532
0.12313827127218246
0.15821261703968048
0.08925724029541016
0.44217103719711304
0.10353413969278336
-0.16360069811344147
-0.5294078588485718
-0.3101639449596405
-0.4299521744251251
-0.09268757700920105
-0.18183830380439758
0.3063095510005951
0.06893150508403778
0.22531726956367493
0.16290178894996643
0.01356652844697237
0.11567702144384384
-0.1388832926750183
0.14462865889072418
-0.07832519710063934
0.3538336157798767
-0.15384931862354279
0.02770506963133812
-0.23978489637374878
0.0011770441196858883
0.1574055403470993
-0.5596461296081543
0.5177249908447266
0.19025912880897522
-0.4332393705844879
-0.569787323474884
-0.3494880795478821
-0.5111861824989319
0.1816416084766388
-0.1937370002269745
-0.32619568705558777
0.3779080808162689
0.05135994032025337
0.393278568983078
0.06273546814918518
0.4370309114456177
0.27722403407096863
0.10282216966152191
0.2876731753349304
-0.0245041623711586
-0.09204316884279251
0.025024959817528725
0.08272241055965424
-0.13637766242027283
-0.2248038798570633
0.26084989309310913
0.07376479357481003
-0.041648708283901215
-0.29418471455574036
0.34633132815361023
0.00782113615423441
0.15883897244930267
-0.08602666854858398
0.20006921887397766
-0.19577820599079132
0.1471432000398636
0.42412665486335754
-0.052561141550540924
-0.1684955656528473
-0.34094303846359253
-0.23357543349266052
-0.12850001454353333
-0.06950169801712036
0.41402286291122437
0.06246011704206467
-0.14753302931785583
0.13129569590091705
0.4793480932712555
0.007111734710633755
-0.03233397752046585
-0.12257322669029236
0.04515734314918518
0.05481261387467384
-0.12798002362251282
0.5578158497810364
-0.013016211800277233
0.23834368586540222
0.6885918974876404
0.028720557689666748
-0.15177501738071442
0.4273727238178253
0.3606047034263611
-0.45071640610694885
0.17052561044692993
-0.17023274302482605
0.05105022341012955
-0.20226150751113892
-0.38801997900009155
-0.2616165578365326
0.07787106931209564
0.018363025039434433
0.017370149493217468
0.0797622874379158
-0.21480700373649597
0.12403556704521179
0.05403522774577141
0.2615683972835541
-0.15124034881591797
-0.15301690995693207
0.1280543953180313
-0.20754724740982056
-0.13925175368785858
0.2078554481267929
0.6640967130661011
0.23270109295845032
0.18376979231834412
0.19983838498592377
0.20975568890571594
0.3517259657382965
-0.49141332507133484
-0.23303399980068207
-0.11522872000932693
-0.2725943922996521
-0.1565546840429306
-0.2912715673446655
-0.055255938321352005
0.15180547535419464
-0.06292261183261871
-0.23715610802173615
-0.32272592186927795
0.3709079921245575
0.3065057694911957
0.15131600201129913
0.14945442974567413
0.014748324640095234
-0.1662786453962326
0.6830494403839111
0.0880218893289566
0.17367058992385864
-0.02967902645468712
-0.03975886106491089
0.25546762347221375
0.3493288457393646
0.07955356687307358
-0.3882012367248535
-0.19588300585746765
-0.3560132384300232
0.38683080673217773
0.19741950929164886
-0.08579903095960617
-0.2534266412258148
0.13153168559074402
0.4782763719558716
-0.4587633013725281
-0.21657828986644745
-0.11847659945487976
0.2038041204214096
-0.09119849652051926
0.422081857919693
0.3636256754398346
0.1826055943965912
0.10382946580648422
-0.34992629289627075
-0.2460632622241974
-0.5436166524887085
-0.0794728547334671
-0.0019522971706464887
0.0908171534538269
-0.09863477200269699
0.28163808584213257
-0.3229663074016571
0.21668344736099243
0.030550841242074966
-0.1566626876592636
-0.11376184970140457
0.28209999203681946
0.1517818123102188
-0.052225060760974884
0.14321576058864594
-0.44123849272727966
-0.1203157976269722
0.13382863998413086
0.1494673192501068
-0.0983259454369545
0.3406718671321869
0.33842721581459045
0.851815938949585
0.040993042290210724
0.23566000163555145
-0.3333660662174225
-0.2131059765815735
-0.341270387172699
-0.38244661688804626
0.12090260535478592
-0.19747376441955566
-0.10315889865159988
-0.09301291406154633
-0.06015203520655632
0.10197281092405319
-0.2828516364097595
0.055602192878723145
0.3123058080673218
0.2255180925130844
0.05817169323563576
-0.1793171465396881
0.21162253618240356
0.27237218618392944
0.07175133377313614
0.41528192162513733
0.1332346796989441
0.24869230389595032
0.05839138478040695
-0.08805111050605774
-0.07691388577222824
0.06491117924451828
-0.37401971220970154
0.18107491731643677
-0.04274844378232956
0.4032849073410034
0.4799332618713379
0.023496435955166817
0.4810927212238312
-0.1924063265323639
0.02597685717046261
-0.15031319856643677
0.08125557750463486
0.34920668601989746
-0.47039350867271423
-0.06750055402517319
0.04127541184425354
0.20703266561031342
-0.10977484285831451
-0.09704684466123581
-0.6380205154418945
-0.36993035674095154
-0.427172988653183
0.15730597078800201
-0.3132930099964142
0.10792078822851181
0.10596929490566254
0.155901700258255
-0.16272811591625214
0.006413170602172613
-0.014511647634208202
0.2576010227203369
0.24388393759727478
-0.09212522953748703
-0.29560232162475586
0.4328160583972931
0.13732780516147614
-0.24438853561878204
-0.3080417811870575
-0.03405123949050903
-0.20211099088191986
-0.4214869737625122
-0.4074620008468628
0.6967501044273376
0.10418955981731415
0.5109391212463379
-0.12472840398550034
0.032838571816682816
0.00821024738252163
-0.39945679903030396
-0.015400183387100697
-0.11303377151489258
0.06371940672397614
0.017282454296946526
-0.25673726201057434
0.05584840476512909
-0.05233817920088768
0.0887245163321495
-0.1797674149274826
-0.10669250041246414
-0.26996180415153503
0.4889981150627136
0.3826432228088379
-0.18727371096611023
-0.22739088535308838
-0.3572591245174408
0.39100345969200134
-0.18383024632930756
0.06883129477500916
-0.020068127661943436
0.12068136036396027
0.3191905617713928
-0.45778414607048035
-0.1993822157382965
-0.39835068583488464
0.1639060527086258
0.13215307891368866
0.3735632002353668
-0.260005921125412
0.33476099371910095
-0.212682843208313
0.23437319695949554
-0.16639605164527893
-0.1325981765985489
-0.029608551412820816
0.032166656106710434
0.15435661375522614
-0.0012882875744253397
-0.1849994659423828
-0.20070898532867432
-0.07441123574972153
-0.04752453416585922
0.06927981227636337
-0.30303964018821716
0.17071592807769775
-0.03217143565416336
-0.36168935894966125
0.27619847655296326
0.2802881598472595
0.03184577822685242
-0.3354007601737976
0.10096358507871628
-0.22770914435386658
0.23367401957511902
0.12952321767807007
-0.08930283784866333
-0.09422706067562103
0.22180777788162231
0.14259330928325653
0.07824642211198807
0.044373784214258194
-0.23161695897579193
-0.1069297268986702
0.46032798290252686
-0.35419994592666626
0.09600187838077545
-0.08990080654621124
0.12293604761362076
0.39493104815483093
0.05162558704614639
-0.11859975755214691
0.2510535418987274
-0.2975183427333832
-0.034756701439619064
-0.18938668072223663
-0.3284907341003418
0.16380439698696136
0.34193283319473267
0.29559576511383057
0.01845845766365528
-0.020626312121748924
-0.43821752071380615
-0.27943408489227295
0.07693924009799957
-0.18258501589298248
0.2094152420759201
-0.05132323130965233
0.1908814162015915
0.039833441376686096
0.1208147332072258
-0.09593093395233154
-0.23927676677703857
-0.5970439314842224
-0.4937592148780823
0.3699808418750763
-0.40302774310112
-0.3911719024181366
0.07611976563930511
0.49544110894203186
0.2620355784893036
0.11109571158885956
-0.2722299098968506
0.02483266219496727
-0.05023765191435814
0.22350630164146423
-0.23279693722724915
0.1997426599264145
0.48219627141952515
0.1359679400920868
-0.18262231349945068
0.24205145239830017
-0.11691529303789139
-0.10249734669923782
-0.14776267111301422
0.0091666579246521
-0.06604254245758057
0.2409462332725525
0.2970995306968689
0.40767818689346313
0.15556344389915466
0.6263411641120911
-0.4485589265823364
-0.19713188707828522
-0.27430522441864014
0.004559264052659273
0.07689542323350906
-0.3636978268623352
-0.02954154461622238
0.1421511471271515
-0.41349372267723083
-0.310968816280365
-0.028099866583943367
0.35641881823539734
0.24790306389331818
0.09375728666782379
0.07961970567703247
-0.46921077370643616
-0.047313351184129715
-0.36028406023979187
0.2904650866985321
0.3772527873516083
-0.0732908695936203
-0.06705040484666824
0.030079061165452003
0.11710060387849808
0.09695275127887726
-0.42985019087791443
0.41221535205841064
-0.07220301032066345
-0.19432546198368073
-0.021787088364362717
0.4622304439544678
0.041324734687805176
-0.4493616819381714
0.05727436766028404
-0.02307646907866001
0.12050200253725052
0.16701768338680267
-0.18593458831310272
0.23316244781017303
0.05089360103011131
0.13669253885746002
-0.4681999683380127
-0.0018479618011042476
-0.05772392451763153
-0.2374834269285202
-0.04108243063092232
0.027552694082260132
-0.048857320100069046
0.06678292900323868
0.13578146696090698
-0.18651215732097626
-0.08441924303770065
0.05267561227083206
0.11116448789834976
-0.285025954246521
0.00675442349165678
0.10295972973108292
-0.37480103969573975
0.24322891235351562
0.09054738283157349
-0.06619665026664734
0.2637244760990143
0.22561481595039368
-0.021793657913804054
-0.10687801241874695
0.6483583450317383
0.02693307027220726
-0.3994596600532532
0.10697948932647705
-0.13640175759792328
-0.11840564757585526
-0.044097598642110825
-0.18680773675441742
-0.0012308787554502487
-0.3123653829097748
0.05774938687682152
0.04135264828801155
0.2458622306585312
-0.3654702305793762
-0.21523301303386688
-0.4289916753768921
0.4091323912143707
0.05841666832566261
-0.02961236983537674
-0.43095892667770386
0.18683837354183197
0.1849113553762436
-0.18209880590438843
0.46823763847351074
-0.09913726896047592
-0.31841981410980225
-0.38428837060928345
-0.2203606218099594
0.48399412631988525
0.19318094849586487
0.11285844445228577
0.4471336007118225
-0.19978123903274536
0.6995205879211426
-0.14299190044403076
-0.24779757857322693
-0.5399519801139832
0.08424960821866989
0.1019049882888794
0.33605968952178955
-0.026040853932499886
0.0214541032910347
0.3649825155735016
0.1388683170080185
-0.169014573097229
0.3152509331703186
-0.35589802265167236
-0.33006182312965393
-0.5661978125572205
0.047638677060604095
0.11892926692962646
-0.36584314703941345
0.15501680970191956
0.18767711520195007
0.18944673240184784
0.17509111762046814
0.014134908095002174
-0.09544574469327927
0.32461780309677124
-0.0018215661402791739
-0.034935981035232544
0.3737547695636749
0.14916305243968964
-0.0448637492954731
-0.27351000905036926
-0.32613229751586914
0.3561994135379791
0.20645007491111755
-0.41804632544517517
0.061026088893413544
0.11288025975227356
0.17895686626434326
0.07992082089185715
-0.15200693905353546
0.2485205978155136
0.20948849618434906
-0.6603825688362122
-0.6006940007209778
0.3185512125492096
0.32629746198654175
0.5155802369117737
0.07579096406698227
-0.02757793478667736
0.05262806639075279
0.12461434304714203
-0.27665475010871887
0.022948507219552994
-0.3212602138519287
0.07565204799175262
-0.008597824722528458
-0.45960336923599243
0.04706421121954918
0.08729896694421768
0.2616443336009979
0.2944040596485138
-0.04367833212018013
-0.03284066915512085
0.03172873705625534
-0.010439866222441196
0.30825942754745483
-0.05736757442355156
-0.022952286526560783
-0.19883248209953308
-0.20319339632987976
-0.08029835671186447
0.21779890358448029
-0.30554962158203125
0.08179017156362534
-0.14856252074241638
-0.15818792581558228
0.032915614545345306
-0.3339698910713196
-0.5163723826408386
-0.1894693225622177
-0.22476378083229065
0.23785407841205597
0.25354450941085815
-0.0852426141500473
0.23102225363254547
-0.015198185108602047
-0.08300244808197021
-0.09035492688417435
-0.30617398023605347
0.4112755060195923
-0.06422034651041031
0.06685824692249298
-0.5221271514892578
-0.040727823972702026
0.3358166813850403
0.23836933076381683
-0.13507357239723206
-0.32140758633613586
-0.03177002817392349
0.10460766404867172
0.07089148461818695
0.014218048192560673
0.19231954216957092
0.21785829961299896
-0.1686551421880722
0.14940716326236725
-0.002167908474802971
0.0533670075237751
0.4537396728992462
-0.1347329318523407
0.4323584735393524
-0.5485072135925293
0.025398850440979004
-0.37859368324279785
-0.37468644976615906
0.17090976238250732
0.3863603472709656
0.23920591175556183
-0.023333396762609482
-0.025532260537147522
-0.0024846824817359447
0.39329007267951965
0.2585517168045044
-0.1317843645811081
-0.4450271725654602
-0.12243695557117462
0.03841021656990051
0.18929846584796906
-0.11735373735427856
0.27887576818466187
-0.1874210089445114
-0.572809636592865
0.4096018075942993
-0.01365773193538189
-0.15723726153373718
0.15545183420181274
-0.3851769268512726
-0.2584322988986969
-0.020869459956884384
0.0056524635292589664
0.24603348970413208
0.39527997374534607
-0.06362133473157883
-0.5014926791191101
-0.009634401649236679
0.2720409035682678
-0.2511604130268097
-0.28431588411331177
0.20390541851520538
-0.07382257282733917
-0.029092779383063316
0.04009620472788811
-0.07332462072372437
-0.0013432942796498537
-0.019699838012456894
-0.20273061096668243
-0.3043251037597656
-0.05987360700964928
-0.034634243696928024
0.08671450614929199
-0.02065896801650524
0.3450802266597748
-0.013859855942428112
-0.057276614010334015
0.006607681978493929
-0.005888774059712887
-0.26233115792274475
-0.137467622756958
0.32274317741394043
-0.10967027395963669
-0.29461216926574707
-0.2959233820438385
0.022452078759670258
0.27746057510375977
0.20856748521327972
-0.0037222900427877903
0.2420884668827057
-0.3600628674030304
-0.2134496569633484
-0.28005823493003845
0.06250400096178055
-0.22631657123565674
-0.010717193596065044
0.20861639082431793
0.1690734326839447
-0.14960089325904846
-0.09284858405590057
0.15467676520347595
-0.40580224990844727
-0.2298388034105301
0.07993373274803162
-0.020401442423462868
-0.16876737773418427
0.08600744605064392
-0.022141093388199806
0.038260623812675476
0.052353691309690475
-0.3354693055152893
-0.06430970877408981
0.37520506978034973
0.37641260027885437
-0.350288450717926
-0.4251493513584137
-0.07113271951675415
-0.08782659471035004
-0.3326627016067505
-0.2079887092113495
-0.15892799198627472
0.3134940564632416
0.05587992072105408
0.12791675329208374
0.09438716620206833
0.3387318551540375
0.20373861491680145
0.5593656301498413
0.02619529888033867
-0.16569364070892334
-0.19008329510688782
-0.3191900849342346
0.18258541822433472
-0.23177790641784668
-0.08985265344381332
-0.11703751981258392
-0.05956827476620674
-0.23040072619915009
0.05496852472424507
-0.13702867925167084
0.04004642367362976
0.09301214665174484
0.1594170182943344
0.30823877453804016
0.17073048651218414
0.19843842089176178
-0.19660791754722595
-0.0157470740377903
-0.45537635684013367
-0.1546991765499115
-0.1904030442237854
0.507828950881958
0.0678870901465416
0.09990035742521286
0.17794403433799744
0.1856028139591217
-0.09182912111282349
-0.21694818139076233
0.15392321348190308
0.13936743140220642
-0.4233994781970978
-0.03891120105981827
-0.18806549906730652
0.19349926710128784
-0.22515401244163513
0.39245176315307617
-0.3761155605316162
0.22875036299228668
-0.11929793655872345
0.19276675581932068
0.4610614776611328
0.2077164202928543
-0.18753589689731598
0.08226294815540314
0.5805397033691406
0.07421617954969406
-0.25103339552879333
0.12245102226734161
-0.40071260929107666
0.129067063331604
-0.1096707209944725
0.025976121425628662
-0.29710617661476135
-0.18699775636196136
0.2736220359802246
-0.012130199000239372
0.22552376985549927
-0.04968762770295143
0.35642746090888977
0.27048420906066895
-0.25145241618156433
0.3898746967315674
0.34123700857162476
-0.20375284552574158
-0.23257867991924286
0.06965704262256622
0.13823935389518738
0.12601672112941742
0.06510048359632492
-0.09412997215986252
-0.2666168808937073
0.48824620246887207
-0.2532619833946228
0.0005649816012009978
-0.45828133821487427
-0.19487154483795166
-0.028119267895817757
-0.03236280381679535
0.171820268034935
0.072281613945961
-0.13988637924194336
0.20374731719493866
-0.11163262277841568
-0.06796757131814957
-0.1400742381811142
0.05947837606072426
0.040110208094120026
-0.33193740248680115
0.24609790742397308
-0.23213493824005127
0.21060292422771454
0.1238514706492424
0.20994432270526886
0.21250171959400177
0.4613715410232544
-0.23289504647254944
0.10904043912887573
-0.07644987106323242
-0.07972622662782669
0.3254462480545044
-0.08639220893383026
-0.24807995557785034
0.043943218886852264
0.043772224336862564
0.2772454023361206
0.1993558257818222
-0.4495002031326294
0.20812852680683136
-0.09861084818840027
-0.2526155710220337
0.4083414673805237
0.19075711071491241
0.022135641425848007
-0.5373685359954834
-0.4440290033817291
0.12903566658496857
-0.24911092221736908
-0.15487128496170044
-0.13438230752944946
-0.4317438304424286
0.6289571523666382
0.1329990178346634
-0.23165294528007507
-0.030703812837600708
0.23250609636306763
-0.08668550848960876
0.1369335651397705
-0.054860670119524
0.10681784898042679
-0.14114069938659668
-0.12447954714298248
0.9606354832649231
0.13872641324996948
-0.01761290803551674
0.2751677334308624
-0.08633554726839066
0.18658271431922913
0.13785646855831146
-0.025042613968253136
-0.20177632570266724
-0.07070505619049072
-0.1569237858057022
-0.11351573467254639
0.3575552999973297
0.3381600081920624
-0.10469621419906616
-0.3536347448825836
-0.1034015491604805
0.2033146768808365
0.19593752920627594
0.043215829879045486
-0.36122098565101624
-0.06580282747745514
0.3156389594078064
-0.06737853586673737
-0.06764119863510132
-0.06717608124017715
-0.002540134359151125
-0.31425032019615173
-0.2288188487291336
-0.18865181505680084
0.2614072859287262
0.3821693956851959
0.21726951003074646
-0.2148398607969284
-0.2252274453639984
0.173359677195549
-0.05825943499803543
0.010188120417296886
-0.0391087532043457
0.2535565495491028
-0.19436971843242645
-0.15119527280330658
-0.05421339347958565
-0.2514492869377136
-0.09450782090425491
0.32263562083244324
-0.35341814160346985
0.1321762204170227
0.009599361568689346
0.2340550720691681
0.5268355011940002
0.18555183708667755
0.33815497159957886
0.5042124390602112
0.017814084887504578
-0.25533345341682434
0.3275260031223297
-0.21313093602657318
-0.22842413187026978
-0.1660723090171814
-0.13886697590351105
-0.32676857709884644
-0.1541498750448227
-0.27401676774024963
-0.0003673700266517699
0.25937676429748535
0.018913010135293007
0.22400769591331482
0.020666690543293953
-0.12405499070882797
0.3704681396484375
-0.04644453898072243
0.07837451994419098
0.18635235726833344
0.1713264435529709
-0.13025754690170288
-0.18320895731449127
0.1922197788953781
-0.0805869773030281
0.24279583990573883
-0.1506531536579132
0.16301603615283966
0.022939084097743034
0.051694367080926895
-0.391011506319046
0.06177375093102455
-0.014802114106714725
-0.0251450277864933
-0.01716732606291771
0.006239684764295816
0.09573465585708618
0.21813519299030304
-0.158292755484581
-0.00930689461529255
0.3188445270061493
-0.3214637041091919
-0.17102573812007904
-0.14040319621562958
0.08701284229755402
0.25080862641334534
-0.45508795976638794
-0.1033521220088005
0.1443445235490799
-0.4128386974334717
0.05146157741546631
0.49549269676208496
-0.14270934462547302
-0.7513901591300964
-0.06845571100711823
0.32386350631713867
0.21467745304107666
0.22964723408222198
-0.35413190722465515
-0.5063811540603638
0.41347458958625793
0.49806633591651917
0.07562456279993057
-0.027317550033330917
-0.1735449582338333
0.19618171453475952
0.16353705525398254
0.2391054481267929
-0.17324510216712952
-0.08784477412700653
0.10218004137277603
-0.16939213871955872
0.3121817708015442
0.09555546939373016
0.18295584619045258
0.08917230367660522
0.6043605804443359
-0.0703381896018982
-0.41348767280578613
0.236373633146286
0.27970585227012634
-0.18172204494476318
0.14757981896400452
-0.11505265533924103
-0.10944317281246185
0.017355913296341896
-0.10747714340686798
0.17521747946739197
-0.2461332380771637
-0.3018609881401062
-0.04898238554596901
0.06375834345817566
-0.005478834267705679
0.17776496708393097
0.30512943863868713
-0.10927718132734299
-0.02734389342367649
-0.053304146975278854
0.0706540122628212
0.07830829173326492
0.17928902804851532
-0.2811000347137451
0.04785703495144844
0.05266280472278595
0.03709360212087631
-0.03677748143672943
-0.25469499826431274
-0.5326517224311829
0.1770637184381485
0.12184271216392517
0.057280637323856354
-0.3150494694709778
-0.28633996844291687
0.3065248429775238
0.09456006437540054
0.023678408935666084
-0.26349055767059326
0.12944626808166504
0.25440365076065063
0.4124699532985687
-0.1218043863773346
0.02361113391816616
0.19119584560394287
0.2848537862300873
-0.22853592038154602
-0.13556057214736938
0.42014238238334656
-0.2033659666776657
0.051838189363479614
-0.11692585051059723
0.1096424013376236
-0.04871935769915581
0.03102448768913746
-0.06287503987550735
-0.15927399694919586
0.35705626010894775
0.049439918249845505
-0.021620115265250206
-0.20405125617980957
0.2846090793609619
-0.4212929904460907
-0.2758672535419464
0.057570356875658035
-0.22853581607341766
0.158807173371315
0.2537745237350464
-0.17746885120868683
-0.06288999319076538
0.35603705048561096
-0.37471768260002136
0.029090024530887604
0.36686521768569946
0.14321079850196838
0.01902211830019951
-0.21031691133975983
0.04182758182287216
-0.23215071856975555
0.02580932527780533
-0.1610887348651886
-0.28694218397140503
-0.40239155292510986
-0.013041811995208263
-0.14613933861255646
0.0644727349281311
0.0253683440387249
0.18729658424854279
-0.056640639901161194
0.36666351556777954
0.23421362042427063
-0.16591580212116241
-0.003487425623461604
