0.0037746161688119173
-0.19799639284610748
-0.0861598551273346
-0.13232257962226868
-0.018954161554574966
-0.1747409701347351
0.011413834057748318
0.004431621637195349
0.012812050059437752
0.009151000529527664
0.20473170280456543
0.0418325737118721
0.11153130233287811
0.03387634456157684
-0.10377414524555206
-0.12158051133155823
0.1240069642663002
-0.11886440962553024
-0.054121579974889755
-0.05178963020443916
-0.024752289056777954
0.007088382728397846
-0.11392469704151154
-0.16510237753391266
-0.00762932188808918
0.10798963159322739
-0.08329696208238602
0.10735522210597992
0.12643909454345703
0.022719306871294975
-0.07658953219652176
-0.055149972438812256
0.12016760557889938
0.006755842361599207
0.14463119208812714
-0.06829924881458282
-0.11442860960960388
-0.03526167571544647
-0.15327516198158264
0.13670259714126587
-0.08593030273914337
-0.06090991199016571
0.06946790218353271
0.24646878242492676
-0.07373293489217758
-0.19994767010211945
-0.034508995711803436
-0.050501931458711624
-0.1014939695596695
0.11402091383934021
-0.02586277201771736
-0.17037279903888702
-0.1131816878914833
-0.047562677413225174
-0.059381138533353806
-0.05027224123477936
0.21092446148395538
-0.07003281265497208
-0.2014801949262619
0.046513207256793976
-0.25873878598213196
-0.09293092042207718
-0.16629602015018463
-0.002478982787579298
0.10457466542720795
0.07146832346916199
0.11502350121736526
0.017099473625421524
-0.18239006400108337
-0.16837315261363983
0.20470237731933594
-0.04223093390464783
0.025576196610927582
-0.03295799344778061
0.16294482350349426
0.03529668226838112
0.1296955943107605
0.04033923149108887
0.007674911990761757
-0.01886723004281521
-0.08417806774377823
-0.025023750960826874
0.004946716595441103
0.036221694201231
0.0858464166522026
0.06152484193444252
0.11795273423194885
-0.021463684737682343
0.0036720160860568285
0.03268549218773842
0.2312716692686081
-0.22268681228160858
-0.014054658822715282
0.00679623382166028
0.0313800647854805
-0.04533989354968071
0.02656739577651024
-0.09409084171056747
-0.18486431241035461
-0.06513141840696335
-0.09138456732034683
0.040216490626335144
0.018943022936582565
0.0644005537033081
-0.07505137473344803
0.12683822214603424
-0.2834482491016388
0.0337638221681118
-0.07538590580224991
-0.06689703464508057
0.2110079675912857
-0.2538801431655884
0.03563407436013222
0.15576618909835815
-0.10858439654111862
-0.10910328477621078
-0.015721123665571213
-0.08364242315292358
0.31166642904281616
-0.17695842683315277
0.22261269390583038
-0.053727466613054276
-0.02739015407860279
-0.1125682070851326
0.10794857889413834
0.02174966037273407
0.03586990013718605
-0.09708163142204285
0.11651963740587234
0.04971979558467865
-0.03560589626431465
-0.3542843759059906
0.023639116436243057
-0.08945000171661377
-0.010562708601355553
-0.09549035131931305
0.09158125519752502
-0.08211211115121841
-0.09612547606229782
0.10371638089418411
-0.06309276074171066
0.0767778605222702
-0.11251483857631683
0.1949332356452942
-0.19099372625350952
-0.03756340593099594
-0.1852232962846756
-0.02090267650783062
-0.16443322598934174
-0.030161214992403984
-0.10135549306869507
0.0012301659444347024
0.0450909249484539
-0.12931592762470245
-0.20282167196273804
-0.10084756463766098
0.1100531816482544
0.06978245079517365
-0.0016429133247584105
-0.13069048523902893
0.10075005143880844
0.08488944172859192
0.10754859447479248
-0.016534483060240746
-0.12436561286449432
-0.06335369497537613
-0.02954569272696972
-0.05383161082863808
-0.017044605687260628
-0.02256779558956623
0.2718355357646942
-0.046856287866830826
-0.13373807072639465
0.00457276776432991
-0.025501783937215805
0.015805475413799286
-0.012475971132516861
0.04163898900151253
0.07586228102445602
0.03371461480855942
-0.07007147371768951
0.16035747528076172
-0.017528468742966652
-0.13996616005897522
-0.029421746730804443
-0.013891763985157013
-0.04527793452143669
0.007962668314576149
0.06376484781503677
-0.13157612085342407
-0.12842917442321777
-0.06812099367380142
0.17391811311244965
0.20265722274780273
-0.13873153924942017
0.04167987406253815
-0.10637573897838593
-0.0830422043800354
0.15158580243587494
0.11425461620092392
-0.007908190600574017
0.10900408029556274
0.056726764887571335
0.11135368794202805
-0.13321803510189056
0.04355114325881004
0.19948367774486542
-0.2135942280292511
0.14567610621452332
-0.014816013164818287
0.19318772852420807
0.08492858707904816
-0.055831000208854675
-0.04707077518105507
-0.0949023887515068
-0.08644136041402817
-0.01510308962315321
0.07148192822933197
0.04216669499874115
0.026220913976430893
-0.062302716076374054
-0.02546539157629013
-0.01978105492889881
0.040514376014471054
-0.05776067450642586
0.15071576833724976
-0.0007493833545595407
-0.1219279021024704
0.02370491437613964
-0.06687788665294647
0.06448919326066971
-0.009226064197719097
-0.09843949973583221
0.11862177401781082
0.02071625553071499
-0.10773693770170212
-0.18877644836902618
0.114430733025074
-0.3531108796596527
-0.048430927097797394
-0.039672113955020905
0.06098712235689163
0.06377974152565002
-0.005095662083476782
0.08980931341648102
0.17294393479824066
0.01970168761909008
0.2507997453212738
0.0432107113301754
-0.09437219798564911
0.0034825822804123163
-0.0003358290414325893
-0.017482778057456017
-0.028978662565350533
-0.02926015481352806
0.08219918608665466
0.11355503648519516
0.15313288569450378
-0.11201806366443634
-0.06252329796552658
-0.08901301771402359
0.1542488932609558
-0.13892418146133423
0.006656426936388016
0.0326838344335556
0.056133534759283066
0.03336348384618759
0.045129984617233276
-0.06916263699531555
0.14755456149578094
-0.06495663523674011
0.02529752440750599
0.01131240464746952
0.16389721632003784
-0.2623257339000702
-0.013202368281781673
0.09170308709144592
0.07704130560159683
-0.10187232494354248
0.17880482971668243
0.043126679956912994
-0.07985953986644745
0.19421018660068512
-0.03325298801064491
-0.050102513283491135
-0.05916491150856018
-0.1175176203250885
-0.15702953934669495
0.022722451016306877
0.13781392574310303
0.11936046183109283
0.027518758550286293
0.05154188722372055
0.11193635314702988
-0.1129930168390274
-0.015719270333647728
-0.04834188148379326
-0.20778729021549225
0.02540137618780136
0.07680470496416092
0.007148254197090864
-0.045235879719257355
-0.0049459123983979225
-0.07665407657623291
0.08731847256422043
-0.2501668334007263
-0.04809960722923279
-0.09086868911981583
-0.0669909119606018
-0.06529154628515244
-0.1034695953130722
-0.2770392596721649
0.20025339722633362
-0.054791808128356934
-0.04729457199573517
-0.09964343905448914
-0.2530043423175812
-0.0323764942586422
0.2049231380224228
-0.12037577480077744
0.04853738099336624
-0.01663806661963463
-0.041460100561380386
-0.18978753685951233
0.14940856397151947
-0.028600765392184258
-0.024687480181455612
0.255533367395401
-0.024605102837085724
-0.05472281947731972
0.027703072875738144
0.01922399178147316
0.04396890103816986
0.007387645076960325
0.07337254285812378
0.029618095606565475
0.19200830161571503
-0.0894390121102333
-0.05365845561027527
0.2123906910419464
-0.08695971965789795
-0.13470633327960968
-0.27908754348754883
-0.1674569696187973
0.016938019543886185
-0.2319653183221817
0.08501675724983215
-0.06431372463703156
-0.09624180942773819
0.11444281041622162
-0.0414792038500309
-0.028073731809854507
-0.13890473544597626
-0.014333562925457954
0.06286724656820297
0.13111288845539093
-0.10339328646659851
-0.052996743470430374
0.03432423248887062
-0.08706027269363403
-0.08762725442647934
-0.029446762055158615
-0.041375257074832916
0.04923015087842941
-0.116415835916996
0.13616935908794403
-0.03873463347554207
0.014159305952489376
-0.012089082971215248
0.11640157550573349
-0.08395829796791077
-0.07654707878828049
-0.009785376489162445
0.006028841715306044
0.006186395417898893
-0.05402620509266853
-0.09849443286657333
-0.1298224776983261
0.11956604570150375
-0.1292836219072342
-0.035325054079294205
0.03978680446743965
-0.1082790419459343
-0.1838761866092682
0.09581153839826584
0.2134188711643219
0.27478915452957153
-0.1349388211965561
0.09929795563220978
-0.08370932191610336
-0.08543141931295395
-0.21378403902053833
-0.2136167734861374
0.09302101284265518
-0.0738888531923294
-0.03636081889271736
0.19503745436668396
-0.2575293183326721
0.11357847601175308
0.0003016335831489414
-0.09867247194051743
0.30182191729545593
-0.194785475730896
0.05812731757760048
-0.009408479556441307
0.12107907980680466
-0.06857189536094666
-0.08561179041862488
-0.009353646077215672
-0.12831805646419525
0.23992973566055298
0.3166927993297577
0.040546733886003494
0.18461929261684418
0.07559137046337128
-0.3697408139705658
-0.3035315275192261
0.0224827341735363
0.0664404034614563
0.0015272345626726747
0.1062176302075386
0.09044712036848068
-0.07531902939081192
0.1305566281080246
0.0348525270819664
-0.11438483744859695
0.38158729672431946
0.1423322707414627
0.1418125331401825
-0.16337712109088898
-0.16821549832820892
0.17943593859672546
0.19726058840751648
0.18759511411190033
0.041367001831531525
0.36602622270584106
-0.19489048421382904
0.025129057466983795
0.10643012076616287
-0.087677501142025
-0.12986518442630768
-0.1005094051361084
0.10408863425254822
0.12609180808067322
0.027370357885956764
-0.040865711867809296
-0.10074856877326965
0.31449607014656067
0.012992746196687222
-0.10191428661346436
-0.16360798478126526
0.0429094098508358
0.09994637221097946
-0.14505667984485626
-0.34757116436958313
-0.023081500083208084
0.22218917310237885
0.10294467955827713
0.1553112119436264
0.00794791616499424
0.22310003638267517
0.008664787746965885
-0.02954762801527977
-0.07569017261266708
-0.15305490791797638
-0.10968240350484848
-0.0943668857216835
0.133060023188591
0.08899027109146118
-0.1241767555475235
0.005949703976511955
-0.024769339710474014
-0.04485015571117401
0.10671202093362808
-0.020431261509656906
-0.0033483169972896576
0.07472406327724457
-0.16669538617134094
-0.06722531467676163
-0.010118654929101467
-0.1470641791820526
0.048293452709913254
-0.1346968412399292
-0.050541527569293976
-0.02039393223822117
-0.3404694199562073
-0.021145498380064964
0.01105863694101572
0.009554482996463776
0.05834661424160004
-0.10392190515995026
0.033866602927446365
-0.15782004594802856
0.1108691543340683
-0.10398978739976883
0.01595274731516838
0.1854105144739151
-0.06906403601169586
0.20278549194335938
-0.027300402522087097
0.12985843420028687
0.0240770373493433
0.21956610679626465
0.10383181273937225
-0.13618174195289612
-0.08578712493181229
0.22795920073986053
-0.1427844613790512
-0.1714235097169876
-0.09758592396974564
0.20956820249557495
-0.07022107392549515
0.1880616396665573
0.06377828121185303
0.1213395893573761
-0.06146761402487755
0.09319975227117538
-0.09191758185625076
-0.02419377863407135
-0.03502597659826279
0.12865640223026276
0.1369885504245758
0.10078737884759903
-0.0570308119058609
-0.0025889293756335974
-0.27292588353157043
0.09779832512140274
-0.13243314623832703
-0.13481536507606506
0.038015786558389664
0.12564773857593536
-0.00037847523344680667
-0.026140276342630386
-0.09397099167108536
0.15507850050926208
0.003251067828387022
-0.10889048874378204
0.07701040059328079
0.03231215849518776
-0.15749803185462952
-0.1586848646402359
-0.1370466947555542
0.008548040874302387
0.08565448224544525
0.007285011000931263
-0.06304843723773956
-0.14435037970542908
0.03131281957030296
0.015371346846222878
0.013146874494850636
0.0811934545636177
-0.05679501220583916
0.027065182104706764
-0.15414339303970337
-0.15742076933383942
0.26180073618888855
0.18733862042427063
0.10238325595855713
-0.09214185923337936
0.09826833009719849
0.0325934961438179
0.04992961511015892
0.16858449578285217
0.0026724855415523052
-0.027744602411985397
0.08738783001899719
0.045598648488521576
0.10087815672159195
-0.09016215801239014
0.13680967688560486
-0.04784650728106499
-0.03577083349227905
0.026193637400865555
0.16161207854747772
0.09900976717472076
0.027498356997966766
-0.27855604887008667
-0.07697637379169464
0.0020271516405045986
-0.17333504557609558
-0.2717955410480499
0.08767862617969513
0.060974616557359695
-0.0574558861553669
-0.06626927107572556
0.1194075271487236
-0.15415121614933014
0.09698797017335892
0.15306682884693146
-0.013203098438680172
-0.2637518048286438
-0.055864959955215454
-0.020011484622955322
0.10194768011569977
-0.1021309494972229
0.10636622458696365
0.17327839136123657
0.039963748306035995
0.16683590412139893
0.26170089840888977
0.023257046937942505
0.018538787961006165
-0.2633390724658966
0.005936652887612581
-0.06213599443435669
0.09099526703357697
0.04510971158742905
-0.08409629762172699
-0.13600066304206848
0.10255653411149979
0.05628795176744461
0.05911678820848465
-0.1892872452735901
-0.020386353135108948
0.12552301585674286
0.023585665971040726
0.06895249336957932
-0.0466165654361248
0.05514855310320854
-0.08319666981697083
0.003422135254368186
0.05993063375353813
-0.018930036574602127
0.032207366079092026
0.14337633550167084
-0.0643589124083519
0.08824662119150162
0.1534227579832077
-0.08880706131458282
-0.17457392811775208
0.14730848371982574
0.02287633903324604
-0.11786143481731415
0.018236126750707626
-0.01870882697403431
-0.13772673904895782
-0.01586231216788292
-0.12752486765384674
-0.06288483738899231
0.013225254602730274
0.01623176410794258
-0.15207242965698242
0.043190520256757736
0.05576881021261215
0.004973309114575386
0.10610038042068481
0.2503668963909149
-0.0752038061618805
0.05741981416940689
-0.049110859632492065
0.10609377175569534
-0.11625704914331436
0.05577285587787628
-0.010254730470478535
0.12490561604499817
0.07313123345375061
0.008971587754786015
-0.05550674721598625
0.00786663219332695
0.18336014449596405
0.06433302164077759
-0.12529142200946808
-0.0685160830616951
0.0360894538462162
-0.02105952799320221
0.015707943588495255
0.03616897761821747
-0.20533537864685059
0.06790491193532944
-0.07929368317127228
0.01582077331840992
0.08272861689329147
0.17247042059898376
0.11735781282186508
-0.1299530565738678
-0.125514417886734
0.0368584543466568
0.018790315836668015
-0.07098608464002609
-0.06884369999170303
0.07323186844587326
-0.10863132774829865
-0.1733125001192093
-0.12431007623672485
0.01091004628688097
0.1992320716381073
-0.10027063637971878
-0.14368724822998047
0.15739265084266663
-0.02183769829571247
-0.1941426694393158
0.023727325722575188
-0.21945731341838837
0.027025392279028893
0.1787201464176178
-0.0064788400195539
0.012777414172887802
-0.10290374606847763
0.07835908234119415
0.10466601699590683
-0.010370779782533646
-0.06052424758672714
-0.16810496151447296
0.060554731637239456
0.03518953546881676
0.009231094270944595
0.031065450981259346
-0.0060701752081513405
0.10947177559137344
-0.027895553037524223
-0.0316132977604866
-0.04185521975159645
-0.0050829509273171425
0.10888893902301788
0.05080495774745941
0.1367282271385193
0.38541197776794434
-0.09137687087059021
0.21690163016319275
0.040994640439748764
0.0759165808558464
-0.2225016951560974
-0.07329242676496506
0.08523411303758621
0.054941896349191666
0.18379366397857666
-0.014605449512600899
0.053665891289711
0.013574435375630856
-0.1437041163444519
0.07676242291927338
-0.07197944819927216
-0.13532514870166779
-0.09360576421022415
-0.004628803580999374
-0.02195790596306324
-0.14853066205978394
-0.04218537360429764
0.20313170552253723
-0.0314953438937664
0.06053288280963898
0.11459100991487503
0.3191486597061157
0.06379763782024384
0.1643146276473999
-0.15600305795669556
0.01593223586678505
0.05635618790984154
-0.17660024762153625
0.04155903682112694
-0.1296583116054535
-0.06048649176955223
-0.013168132863938808
-0.03172636032104492
-0.038106415420770645
-0.06534688919782639
-0.09102841466665268
-0.015755120664834976
-0.1748179942369461
-0.02732154168188572
-0.07352413237094879
-0.08390012383460999
-0.03771580010652542
0.12841425836086273
0.15919019281864166
-0.11078542470932007
0.15364107489585876
0.03514040634036064
-0.09584037214517593
0.13259339332580566
0.033369965851306915
0.06309029459953308
0.0345916822552681
0.20222492516040802
-0.19038306176662445
-0.0641760379076004
-0.08750754594802856
0.1006309986114502
0.11555663496255875
0.17236816883087158
-0.03199147805571556
-0.10929291695356369
-0.07143756002187729
-0.2148907333612442
0.038479555398225784
-0.16948580741882324
-0.16140346229076385
0.05444743111729622
-0.1344965249300003
-0.10408695042133331
-0.057302866131067276
0.031071403995156288
-0.1852940022945404
0.024955913424491882
-0.07252741605043411
-0.03319454938173294
-0.033900126814842224
-0.20718543231487274
0.06314266473054886
-0.1434144526720047
0.0063459970988333225
-0.19380587339401245
0.09666576236486435
0.09383490681648254
0.07511187344789505
0.09685817360877991
0.015660468488931656
0.06606099754571915
0.0017507082084193826
-0.1398875117301941
-0.030267661437392235
-0.0002998021082021296
-0.1259073168039322
0.16260626912117004
0.0026341169141232967
-0.03804526850581169
0.13227809965610504
-0.1564411222934723
-0.05511767417192459
-0.2537790834903717
-0.17176595330238342
-0.20725888013839722
-0.1451038420200348
0.06981445103883743
0.13299664855003357
-0.09400980174541473
-0.0803467258810997
0.029185548424720764
-0.0142252491787076
-0.15777504444122314
-0.019230224192142487
-0.07688162475824356
-0.18964539468288422
0.02687091752886772
0.045785654336214066
-0.12998901307582855
-0.024515822529792786
0.011879094876348972
0.01686544343829155
0.011107901111245155
-0.18067443370819092
-0.05917028337717056
-0.0959213376045227
0.171026811003685
-0.1054614931344986
-0.09233146160840988
0.08656914532184601
-0.09549488127231598
0.07421832531690598
0.006307420786470175
0.13509885966777802
-0.004770352505147457
-0.1358928084373474
0.03701065853238106
0.03734784573316574
-0.0960409939289093
0.19914685189723969
-0.14728201925754547
0.02767283469438553
0.012427283450961113
-0.11787313222885132
-0.10791225731372833
0.07850486785173416
0.0426831915974617
-0.09284388273954391
0.12462688237428665
0.056122735142707825
-0.14773809909820557
-0.2021813541650772
-0.060176361352205276
-0.14319081604480743
0.08819196373224258
0.09678129106760025
0.07293933629989624
0.027200985699892044
-0.07079793512821198
-0.07719285041093826
0.08772410452365875
0.031708091497421265
0.007323683705180883
0.015011850744485855
0.061531998217105865
-0.4543415606021881
0.020349089056253433
-0.10561496764421463
-0.018469639122486115
-0.04741101711988449
0.08385375887155533
-0.17230316996574402
0.0017737284069880843
-0.01843169704079628
0.09194371849298477
-0.1644529551267624
-0.02869832143187523
-0.06020863726735115
0.23358288407325745
-0.02188693918287754
0.13424254953861237
0.060302723199129105
-0.005407943855971098
0.1255437582731247
0.021243799477815628
-0.06517425924539566
-0.13309158384799957
-0.09172478318214417
0.03219732642173767
-0.037526652216911316
0.01814035326242447
-0.08647239208221436
0.055047351866960526
0.01011773943901062
0.04092437028884888
0.08293453603982925
0.04123491421341896
-0.05672788619995117
-0.123382069170475
-0.05317426845431328
-0.0954897403717041
-0.04435782879590988
0.09308469295501709
0.11147928982973099
0.08124697953462601
0.06438980251550674
0.06297458708286285
-0.10211732983589172
-0.026352882385253906
-0.19796334207057953
-0.021243568509817123
0.011891529895365238
-0.1381094604730606
0.011645332910120487
-0.08146212995052338
-0.012998347170650959
-0.18761196732521057
0.06682541966438293
0.07920855283737183
-0.06821338832378387
0.026965340599417686
-0.10748341679573059
0.1480742245912552
0.05584360659122467
0.0393216535449028
-0.11475719511508942
-0.13023734092712402
-0.04073728993535042
-0.26355478167533875
0.007042182143777609
0.0772261768579483
-0.020459232851862907
0.0007777170394547284
0.18882180750370026
0.06038951873779297
0.06170445680618286
-0.26717594265937805
-0.2711576223373413
0.19947735965251923
0.0014333405997604132
0.07818660885095596
0.03020104207098484
0.030735570937395096
-0.02048496901988983
-0.04023982957005501
0.0028364532627165318
0.026980921626091003
-0.22625012695789337
0.08576812595129013
0.0695449560880661
-0.1415291130542755
-0.18931087851524353
-0.06191445514559746
-0.010259978473186493
0.08014708012342453
-0.07330438494682312
0.07811150699853897
0.023277953267097473
-0.22743108868598938
0.00762189319357276
-0.15700910985469818
0.07120385766029358
-0.050512541085481644
-0.051780346781015396
0.1858866661787033
0.11328735202550888
0.03185403719544411
-0.07559753209352493
-0.10916512459516525
0.02149816043674946
0.06367317587137222
0.11733349412679672
0.06230958551168442
-0.006474703550338745
0.00438727717846632
-0.091134212911129
0.21977350115776062
0.12362910807132721
-0.09871930629014969
-0.021913977339863777
0.11490244418382645
0.02337496541440487
-0.02743018977344036
0.08071665465831757
0.015868782997131348
0.020946970209479332
0.15651096403598785
0.0426250696182251
0.05777284875512123
-0.0010067106923088431
0.030210882425308228
-0.3098294138908386
0.13302700221538544
0.08159301429986954
-0.14687737822532654
0.29488781094551086
0.1193082183599472
0.05208051949739456
0.12002053111791611
0.021627938374876976
0.01818663626909256
-0.006349453702569008
0.18198458850383759
-0.15015649795532227
-0.07475655525922775
0.06241059675812721
0.1379757523536682
0.039995696395635605
0.0801861435174942
-0.015779919922351837
-0.12406760454177856
-0.09812615811824799
-0.029359597712755203
-0.20203770697116852
-0.07482665777206421
-0.058017149567604065
0.31943291425704956
0.2122005969285965
0.0014749044785276055
-0.03533970192074776
-0.02686668373644352
-0.22230546176433563
0.03617393970489502
-0.10955013334751129
-0.0028096861205995083
0.14077109098434448
0.2609065771102905
-0.15396928787231445
0.051740195602178574
-0.18371452391147614
0.06966070830821991
-0.04212595149874687
-0.15709809958934784
0.26112592220306396
-0.16550087928771973
-0.19968023896217346
-0.05389528349041939
-0.09242212772369385
-0.09203542768955231
0.021000875160098076
-0.0017084862338379025
-0.061123237013816833
0.3511122763156891
0.17558659613132477
-0.012333497405052185
-0.14269161224365234
-0.0633494034409523
0.11338499933481216
-0.13049711287021637
-0.015976734459400177
-0.11593935638666153
-0.028722526505589485
-0.06481301039457321
-0.1155158057808876
0.11168134212493896
0.021397117525339127
0.06865667551755905
-0.06102790683507919
-0.15978874266147614
0.015373117290437222
0.29032933712005615
0.08782125264406204
-0.08852260559797287
0.057048097252845764
0.16897240281105042
-0.08870396018028259
0.16310536861419678
0.10135439038276672
-0.07904992997646332
-0.10426723957061768
-0.005093389190733433
0.007398827932775021
0.09007962793111801
0.19391599297523499
-0.16646970808506012
0.0007178712403401732
0.08346408605575562
0.025302110239863396
-0.11477898061275482
0.052324328571558
-0.04312337189912796
-0.21521224081516266
0.10414928942918777
0.04644225537776947
-0.030980005860328674
0.05127866566181183
-0.01717900112271309
-0.10000365227460861
0.16443541646003723
0.0009220686042681336
-0.06519993394613266
-0.1234859749674797
-0.06711885333061218
0.02791588567197323
-0.10608179122209549
0.05270935967564583
-0.1380816102027893
-0.16241472959518433
0.15533959865570068
0.03390953317284584
0.09557878226041794
0.1328222006559372
0.07798507809638977
0.15546706318855286
0.031231418251991272
-0.17309001088142395
0.05336825177073479
0.011219586245715618
-0.12624435126781464
0.2785935699939728
-0.05798804387450218
0.14307339489459991
-0.059686917811632156
-0.005153573118150234
-0.16711270809173584
0.027323370799422264
0.10629846155643463
0.09326647967100143
-0.024884097278118134
0.040670245885849
0.10189690440893173
-0.08793535828590393
-0.3196374475955963
0.02115459553897381
-0.16267456114292145
0.09924348443746567
-0.040754061192274094
0.0031381098087877035
-0.022580208256840706
0.04423549026250839
0.07264750450849533
-0.026084372773766518
-0.13012517988681793
-0.02915262058377266
-0.09497611224651337
-0.025523163378238678
0.004689131397753954
0.02312287501990795
0.0006082786130718887
0.06322577595710754
-0.23265062272548676
-0.20187973976135254
-0.15658040344715118
0.12126408517360687
0.08129971474409103
0.003979770466685295
0.06342871487140656
-0.07259722054004669
0.11467582732439041
-0.15423305332660675
0.004777392838150263
0.04530471935868263
-0.01998823694884777
0.2163793444633484
-0.009661088697612286
0.03285139054059982
-0.0608769990503788
0.004893918987363577
0.11961788684129715
0.13108016550540924
0.09389503300189972
-0.10364765673875809
-0.06165369227528572
-0.1998276263475418
-0.12510474026203156
0.07714421302080154
0.03500670567154884
-0.08359716087579727
-0.3329993784427643
0.03148394450545311
-0.065583735704422
-0.02223893627524376
-0.06348603963851929
0.0410337895154953
-0.16612139344215393
0.2005140632390976
-0.17070022225379944
-0.14885447919368744
0.0927930697798729
-0.11191482096910477
0.06124444678425789
0.16153736412525177
0.07937659323215485
-0.057807378470897675
0.13811391592025757
-0.03426901623606682
-0.16623537242412567
-0.1296214610338211
0.34597015380859375
-0.009509582072496414
-0.07953222095966339
-0.05836692452430725
-0.06536155939102173
-0.23867876827716827
-0.020986564457416534
0.2117338925600052
-0.030117057263851166
0.06774917989969254
-0.0752277672290802
0.07196426391601562
0.06548597663640976
-0.19954639673233032
-0.01155672688037157
-0.06830783188343048
-0.07052885740995407
-0.04141920432448387
-0.10433351248502731
0.07947395741939545
-0.09740401804447174
0.09341924637556076
0.0890694409608841
-0.10946632921695709
-0.13991840183734894
0.035368889570236206
-0.08027710020542145
-0.10945864021778107
0.08380972594022751
0.1904001384973526
0.07848972827196121
-0.15216048061847687
-0.14328964054584503
0.053165290504693985
0.09985829144716263
-0.2722911238670349
0.27261611819267273
-0.1423710286617279
0.06308488547801971
-0.07372266054153442
0.01398451067507267
0.011117469519376755
-0.00594337098300457
-0.012501616962254047
0.17749284207820892
-0.029130976647138596
0.2064433991909027
0.00488894572481513
0.15836283564567566
0.026330791413784027
0.12872058153152466
-0.0368405282497406
0.18289925158023834
0.15857580304145813
-0.18183612823486328
0.17357736825942993
-0.15619085729122162
-0.07611331343650818
0.07333146780729294
-0.17655296623706818
-0.0037525310181081295
-0.05113806575536728
0.07714807242155075
-0.10375805199146271
0.024250201880931854
0.04427060857415199
0.036315981298685074
0.023335812613368034
-0.12938682734966278
0.18881137669086456
0.024125292897224426
-0.09130499511957169
-0.00693827960640192
-0.10222738981246948
-0.15657758712768555
0.10354556143283844
0.1524934619665146
0.2628377079963684
-0.044002167880535126
-0.20058664679527283
-0.27643993496894836
-0.12687142193317413
-0.04258323088288307
0.2366371750831604
0.010781598277390003
0.14553789794445038
-0.0942128524184227
0.10861095786094666
-0.05306098610162735
-0.015666889026761055
0.03280101343989372
-0.027616331353783607
0.11815434694290161
-0.12447375804185867
0.046414244920015335
-0.006738023832440376
0.11807142198085785
-0.1217888668179512
-0.012495934963226318
0.06306714564561844
-0.07102806121110916
-0.03202679008245468
0.06978057324886322
-0.1711418330669403
-0.18294161558151245
0.06120474636554718
0.008942868560552597
0.05090268328785896
-0.11393401026725769
0.08055537939071655
-0.03685636445879936
-0.0693921223282814
0.10120786726474762
0.01717192865908146
-0.03984114155173302
0.08845307677984238
0.01827402412891388
-0.026408612728118896
-0.16567930579185486
0.1603781282901764
0.12029772996902466
-0.05888039246201515
0.09624578058719635
-0.15909212827682495
0.04146542772650719
-0.007418095599859953
-0.043290991336107254
0.14973539113998413
0.14115101099014282
-0.0043957652524113655
0.15233778953552246
0.185860276222229
-0.08053877204656601
-0.00016600239905528724
-0.011468330398201942
0.0661502480506897
0.002953499788418412
0.09389730542898178
0.10080145299434662
-0.12811890244483948
-0.032241497188806534
0.02702277898788452
0.02478903904557228
0.07334929704666138
-0.08366464078426361
0.011381730437278748
-0.13220161199569702
-0.3383803069591522
0.21203778684139252
-0.2994764745235443
-0.12499336898326874
-0.06571563333272934
-0.12167520076036453
0.040002573281526566
-0.09157118946313858
-0.13113869726657867
-0.1754932850599289
-0.3261713981628418
0.047264132648706436
-0.16758054494857788
0.1092461571097374
0.041671790182590485
0.018943484872579575
-0.05876297131180763
-0.059243910014629364
0.046907275915145874
-0.061679765582084656
0.03440229594707489
0.0436929315328598
-0.07098186016082764
-0.013762109912931919
-0.11748528480529785
-0.17788229882717133
0.2187235951423645
0.1688433587551117
-0.10600870847702026
0.061840903013944626
0.06541574746370316
-0.009539422579109669
-0.256651371717453
-0.04559445008635521
-0.04470806196331978
-0.09321151673793793
0.07846255600452423
0.19266673922538757
0.18715447187423706
-0.14657410979270935
0.0327436625957489
-0.0339021272957325
0.018419450148940086
-0.24829740822315216
0.08138297498226166
-0.08359523117542267
0.1265176683664322
-0.1004471555352211
-0.04240942746400833
0.176948681473732
0.17722159624099731
0.02048753947019577
-0.07974977791309357
0.14214448630809784
-0.046948205679655075
0.024867072701454163
-0.08997189253568649
-0.02822357602417469
0.14650706946849823
0.13448137044906616
-0.10674829035997391
0.08582665771245956
-0.042769283056259155
-0.16554924845695496
-0.13040386140346527
-0.0686025619506836
-0.03027462586760521
-0.037109438329935074
-0.0036460482515394688
-0.18615663051605225
0.1453709751367569
-0.15293824672698975
0.05135471001267433
0.032773979008197784
0.03680419921875
0.08006463944911957
0.0019526927499100566
0.025327447801828384
-0.07416369765996933
-0.12008937448263168
-0.011445237323641777
-0.0471871942281723
0.17392486333847046
-0.027152162045240402
0.07899549603462219
-0.002679036930203438
0.06635650992393494
-0.03227795287966728
0.06944382935762405
-0.20838609337806702
0.19398148357868195
-0.04835686460137367
-0.02923128381371498
0.101139597594738
0.2119428515434265
0.16144634783267975
0.19382894039154053
0.08367861062288284
-0.07417842000722885
0.07396445423364639
-0.013371536508202553
-0.06899259239435196
0.16868577897548676
0.017619801685214043
-0.24446222186088562
0.09407643973827362
0.1514044851064682
-0.07980948686599731
0.02343139797449112
-0.2598564326763153
0.20357298851013184
0.14182829856872559
-0.012636721134185791
-0.03172636777162552
-0.1290903091430664
-0.15711848437786102
0.013469036668539047
-0.09720683097839355
-0.10239177197217941
0.016316259279847145
-0.014053991064429283
-0.004880972672253847
-0.06025378778576851
-0.0790851041674614
0.12241405248641968
-0.024503186345100403
0.09879156202077866
0.0293474979698658
-0.14683903753757477
-0.050378527492284775
0.01948976144194603
0.00739454198628664
-0.12619058787822723
0.0048910630866885185
-0.136972114443779
-0.045868586748838425
0.04542477801442146
0.08298565447330475
0.2993670701980591
-0.1976194828748703
-0.02890089713037014
0.10605920106172562
0.1199726015329361
-0.12568524479866028
0.003956319764256477
-0.16093729436397552
0.2930011749267578
-0.1549123227596283
0.21437904238700867
0.02082768641412258
0.14434246718883514
-0.178450345993042
0.04802229255437851
0.04006616026163101
0.02510504238307476
0.01029986422508955
0.10366003215312958
0.03924905136227608
0.1504797786474228
0.004971882328391075
0.05721041187644005
0.12775564193725586
0.19527137279510498
-0.16357991099357605
0.0150617565959692
-0.04020603746175766
-0.19967792928218842
0.1199437752366066
0.1932697594165802
0.03489316254854202
0.11303816735744476
0.02142624743282795
-0.024811716750264168
0.011219932697713375
0.02167532965540886
0.028845930472016335
-0.09285753965377808
-0.08081924170255661
0.09790430963039398
-0.06182891130447388
0.059901151806116104
-0.13763868808746338
-0.04731886461377144
-0.002947069238871336
0.22123996913433075
-0.10949582606554031
-0.3190445005893707
-0.08995915949344635
0.06576379388570786
0.22898222506046295
0.030407529324293137
-0.15139470994472504
0.09311280399560928
0.01099101360887289
0.15415699779987335
0.062008947134017944
0.020503807812929153
0.13258060812950134
0.18223445117473602
-0.0058559998869895935
0.10809468477964401
-0.0016645846189931035
-0.10186935216188431
0.20172859728336334
0.2652565836906433
-0.21323040127754211
0.17741189897060394
0.00829253625124693
-0.14131039381027222
0.15380752086639404
0.06466838717460632
-0.04795917496085167
0.16756851971149445
0.09007933735847473
0.07655225694179535
-0.225426584482193
-0.17047454416751862
0.017988799139857292
0.01348622515797615
0.03974197059869766
-0.1418382227420807
-0.02176840603351593
-0.012404759414494038
-0.10263457149267197
-0.12875108420848846
-0.14786535501480103
0.06873741745948792
-0.03996342420578003
-0.001896464149467647
0.02723117731511593
0.04198610410094261
-0.06538257002830505
-0.1459214985370636
0.08138924092054367
0.06650160998106003
0.04398506134748459
0.0068745058961212635
-0.08882097154855728
0.2183927595615387
-0.14805075526237488
0.012639396823942661
-0.08337274938821793
0.10750759392976761
0.02393420599400997
0.15732894837856293
0.008711795322597027
0.05738499015569687
-0.0435311384499073
-0.03376855328679085
-0.00036843004636466503
0.12360570579767227
-0.06337671726942062
0.11721590906381607
0.0029618367552757263
0.027551012113690376
-0.012938089668750763
-0.01752469129860401
-0.10626771301031113
0.04845905676484108
0.06365251541137695
-0.1446639448404312
0.009059161879122257
-0.17696699500083923
0.06636687368154526
-0.116346076130867
0.0523734875023365
-0.014921496622264385
0.14893953502178192
-0.15645678341388702
0.04946395009756088
-0.18739378452301025
0.1086718812584877
-0.08044988662004471
0.03501332551240921
-0.07912873476743698
0.003930258564651012
-0.02044219896197319
-0.10026576370000839
0.09306828677654266
-0.03482843190431595
0.056546952575445175
-0.15841317176818848
0.08184103667736053
0.20033910870552063
-0.20380118489265442
0.17001736164093018
0.06025978922843933
-0.010494442656636238
-0.08170495927333832
-0.09090085327625275
-0.018421469256281853
0.004903606604784727
-0.10169333964586258
-0.1961209774017334
-0.012049245648086071
0.11489623039960861
-0.04744037985801697
-0.03476192057132721
0.1346084475517273
0.0857154130935669
-0.008816413581371307
-0.04422977194190025
-0.08704600483179092
-0.026864925399422646
-0.0955534428358078
0.09204632043838501
-0.12236858159303665
-0.19192686676979065
0.12127717584371567
0.07859588414430618
-0.0029687276110053062
-0.04586433619260788
-0.011970595456659794
-0.1645258367061615
0.00795886293053627
0.276692271232605
-0.08228306472301483
0.0749441385269165
0.02555995248258114
0.01979953795671463
-0.08966211974620819
-0.011721628718078136
0.01658695749938488
0.06791701167821884
0.08564092218875885
0.06570245325565338
0.0585361085832119
-0.037933170795440674
-0.07737923413515091
-0.21460050344467163
0.08200513571500778
0.11701507121324539
-0.03776058927178383
0.12066512554883957
-0.09775999933481216
0.0240898709744215
0.17147068679332733
0.13520367443561554
-0.049426961690187454
-0.07441149652004242
0.00010204110731137916
-0.10800199210643768
0.026056746020913124
-0.06855957955121994
-0.12180466204881668
0.08200706541538239
-0.15708822011947632
-0.18947069346904755
0.03971026837825775
0.08831676840782166
0.2080610990524292
-0.07736928761005402
-0.02271202951669693
0.0028849979862570763
-0.12361818552017212
-0.003704389790073037
0.03711491450667381
-0.17005708813667297
-0.04776930436491966
-0.09262759238481522
0.08666417747735977
0.09430594742298126
0.04299817234277725
0.08766908198595047
0.28745681047439575
-0.05723731219768524
-0.055062923580408096
0.05047081783413887
-0.06906230002641678
-0.004400622099637985
-0.05206986889243126
0.03555070236325264
0.10269374400377274
-0.09074399620294571
-0.15116381645202637
0.0005917231901548803
0.05988695099949837
0.03990545496344566
-0.0414624959230423
-0.0777260959148407
0.010815377347171307
0.06875168532133102
0.017979491502046585
-0.12915576994419098
-0.06331545859575272
-0.09057426452636719
-0.0917171761393547
0.07578595727682114
-0.07361655682325363
0.31686922907829285
-0.014007549732923508
-0.17814303934574127
0.052045222371816635
-0.07201442122459412
0.042631421238183975
0.059830114245414734
0.01601119339466095
-0.04419985041022301
0.14302121102809906
0.018191713839769363
-0.010852806270122528
-0.054134972393512726
-0.005197188351303339
-0.11527615785598755
0.09706024080514908
0.060851600021123886
-0.1257300227880478
-0.021728815510869026
0.1136687695980072
-0.0444335900247097
-0.07072962820529938
0.03819233551621437
-0.1256120353937149
-0.040323078632354736
0.011317858472466469
-0.11275158077478409
0.07475416362285614
-0.00734708271920681
-0.07957642525434494
-0.1529424488544464
0.03135426715016365
-0.057347435504198074
-0.03259068727493286
-0.10465066134929657
0.04647437483072281
-0.2836107611656189
0.08365543186664581
0.019473912194371223
-0.03477565199136734
0.08021795004606247
-0.11025873571634293
-0.09745671600103378
0.16411389410495758
-0.25649768114089966
0.07376265525817871
0.15010415017604828
0.14380870759487152
-0.032015569508075714
0.0819067731499672
-0.0025240303948521614
0.0986810028553009
-0.15463759005069733
-0.15530075132846832
0.07719442993402481
-0.018750082701444626
0.08508036285638809
0.045728109776973724
-0.084385946393013
-0.017431410029530525
0.023948125541210175
-0.1259937584400177
-0.008842199109494686
0.05993204191327095
0.12415144592523575
0.16044224798679352
0.036066021770238876
0.03504903241991997
-0.1325899213552475
-0.0690591111779213
0.10689231753349304
0.09491639584302902
0.003541063517332077
0.2586786150932312
-0.05115490406751633
0.11984758824110031
-0.37356019020080566
0.016453932970762253
-0.04839158430695534
0.002433046931400895
0.05938657373189926
-0.14755776524543762
0.15898430347442627
0.03442930057644844
0.06384389847517014
-0.03715983033180237
0.12493924051523209
0.07869741320610046
-0.07915977388620377
-0.3100670278072357
0.011717058718204498
-0.16864751279354095
-0.03430438041687012
-0.03640729561448097
-0.08980780839920044
-0.12210020422935486
-0.005486168432980776
-0.06012047827243805
0.15699435770511627
0.036685287952423096
0.013218223117291927
0.1092713475227356
-0.061980195343494415
0.050118960440158844
0.2260415256023407
-0.07745546102523804
0.09645908325910568
0.21955229341983795
0.2474379986524582
-0.06494864821434021
-0.02313551865518093
0.044119782745838165
-0.15965230762958527
0.058813851326704025
0.1731722056865692
0.05488158389925957
0.04681272804737091
0.0076016616076231
0.1014493852853775
0.09466395527124405
0.09695550054311752
0.265151709318161
0.010296414606273174
0.12262451648712158
-0.0638924390077591
0.06508670747280121
-0.05736735090613365
0.13025058805942535
-0.021832874044775963
0.12401122599840164
0.056711453944444656
-0.18548902869224548
-0.22137551009655
0.18135666847229004
-0.04098527878522873
0.0027463422156870365
0.281266987323761
0.02175671048462391
0.034819867461919785
0.06853019446134567
-0.06442423164844513
0.01968071237206459
-0.03531705588102341
-0.045974940061569214
0.04121699556708336
0.003410404548048973
-0.09870679676532745
-0.1274772584438324
-0.05006755143404007
0.012039457447826862
0.0067457230761647224
-0.008331966586411
-0.04759707674384117
-0.13199082016944885
-0.009485987946391106
0.00267189578153193
0.11013638973236084
-0.06864746659994125
0.02609582617878914
0.10458635538816452
0.10378117114305496
0.11459584534168243
0.05379730090498924
0.07758419960737228
0.08249284327030182
0.06538587063550949
-0.10033357888460159
-0.09790738672018051
-0.2404002845287323
0.06015343219041824
-0.0705132782459259
0.17652197182178497
0.17377638816833496
-0.0016962889349088073
0.1493968963623047
-0.10847070068120956
-0.03286254405975342
0.029235193505883217
-0.011894875206053257
-0.3545984923839569
0.0577160008251667
-0.020703928545117378
0.11098331958055496
0.19011344015598297
-0.04045482724905014
-0.03894617408514023
0.0384274497628212
-0.020013300701975822
0.007720822002738714
-0.12655624747276306
0.006818380672484636
-0.0873587429523468
-0.12567760050296783
0.07378120720386505
0.04621491581201553
-0.018503254279494286
-0.09369923174381256
-0.022543419152498245
-0.019749576225876808
0.1152026355266571
-0.08020749688148499
0.07377398759126663
-0.0759340301156044
0.07750784605741501
0.12445220351219177
0.009240507148206234
-0.14991404116153717
-0.07235759496688843
-0.016508225351572037
-0.11422884464263916
0.002781699877232313
0.04704049229621887
0.12678982317447662
0.04771861806511879
0.047375090420246124
-0.10029434412717819
0.013520142063498497
-0.0448455736041069
-0.0765354186296463
0.2012220174074173
-0.07101185619831085
0.07495655864477158
-0.07852381467819214
-0.026893511414527893
0.02479674108326435
-0.10319700092077255
0.0027019965928047895
0.026998436078429222
-0.027795393019914627
-0.0005214763805270195
0.023362908512353897
-0.17699381709098816
0.07502791285514832
0.017566950991749763
0.11259344965219498
-0.07474354654550552
-0.0022839857265353203
0.05351048335433006
-0.07449501007795334
-0.05742896720767021
0.037172965705394745
0.09205189347267151
-0.09546089917421341
-0.022422172129154205
0.15522131323814392
-0.03443024680018425
0.17601323127746582
-0.13097743690013885
-0.15115734934806824
0.29219114780426025
0.05511104688048363
-0.027221746742725372
0.036164723336696625
0.1877778321504593
0.12702034413814545
0.05033569410443306
-0.1020812913775444
0.08865513652563095
-0.07824914157390594
-0.026563096791505814
0.23335805535316467
0.05199054628610611
0.06154699623584747
0.0718291699886322
-0.18964363634586334
-0.11820843815803528
-0.1366749107837677
-0.11978049576282501
0.1283406913280487
-0.04544287547469139
-0.009795382618904114
0.045306429266929626
0.06296999007463455
0.07163491100072861
0.03199150785803795
-0.03500001132488251
0.07942426949739456
0.1434173434972763
-0.022623758763074875
0.15598388016223907
-0.07568545639514923
-0.22480517625808716
-0.02712439000606537
0.043475691229104996
-0.1295090615749359
0.0955018624663353
0.16418009996414185
-0.09547363966703415
0.07312075048685074
-0.0019655548967421055
0.11477229744195938
-0.046388838440179825
-0.11192671954631805
0.00527384364977479
-0.1081336960196495
-0.22131381928920746
-0.035500138998031616
0.08130894601345062
-0.09944621473550797
0.00017009097791742533
-0.10455694049596786
0.09246127307415009
-0.2068702131509781
-0.07405636459589005
0.08708123117685318
0.2052747905254364
0.1818533092737198
0.0242854505777359
0.17207884788513184
0.023006342351436615
0.06990023702383041
0.04875284060835838
-0.05979631468653679
-0.2328701764345169
0.05137641727924347
-0.005070904269814491
0.12053705751895905
-0.08670985698699951
-0.12213726341724396
0.14362290501594543
0.06070833280682564
0.1298227459192276
0.06418932229280472
0.11900856345891953
0.1478564292192459
-0.054134223610162735
0.01819794438779354
-0.2212120145559311
0.1574365198612213
-0.1000170037150383
0.11048687249422073
0.017786769196391106
0.09484570473432541
0.04866950958967209
-0.16422073543071747
0.14658883213996887
0.06251770257949829
-0.27287960052490234
0.034497205168008804
0.13965685665607452
-0.1131390854716301
-0.06700755655765533
-0.09541849792003632
-0.0029499907977879047
-0.19038641452789307
-0.18490304052829742
-0.12670500576496124
-0.09582717716693878
-0.05640401318669319
-0.22121331095695496
0.11564236879348755
-0.061488762497901917
-0.11210515350103378
-0.22904743254184723
-0.07257439941167831
-0.051420167088508606
0.013483026996254921
-0.12847653031349182
0.18689420819282532
-0.014526956714689732
-0.2123982012271881
0.07346490770578384
-0.15143829584121704
0.18946275115013123
-0.08143550157546997
-0.11687570065259933
0.13549308478832245
-0.05139734968543053
-0.06224019452929497
0.09343793988227844
-0.08311135321855545
-0.10502248257398605
0.0903361365199089
0.15747301280498505
-0.09280397742986679
0.10631594806909561
-0.008184229955077171
-0.08881108462810516
0.15289758145809174
-0.014838718809187412
0.12736903131008148
0.05918428674340248
-0.01807025447487831
-0.0941844955086708
0.1403769552707672
0.11880020797252655
0.14661312103271484
0.057144325226545334
-0.14568281173706055
-0.05083261802792549
0.07989375293254852
0.048613324761390686
0.0685458853840828
-0.27119067311286926
0.021872982382774353
-0.1052825003862381
0.044583290815353394
-0.20820662379264832
0.08137523382902145
0.16558781266212463
0.2706713080406189
0.00456820335239172
-0.12362893670797348
0.27902811765670776
0.10954686254262924
0.058330848813056946
-0.0696355551481247
-0.07693757116794586
0.033373426645994186
0.04456816986203194
0.04375084862112999
-0.18405503034591675
-0.18535515666007996
-0.07882919907569885
0.17776593565940857
0.14572513103485107
0.08823889493942261
-0.04228110983967781
0.1334613710641861
0.011826494708657265
-0.011128431186079979
-0.0067300135269761086
0.08045351505279541
0.06315163522958755
-0.1441492736339569
0.12394240498542786
-0.029348639771342278
0.11025018990039825
0.34450027346611023
-0.06072697043418884
0.07339409738779068
0.015713242813944817
-0.031069867312908173
0.1088079884648323
0.3143785893917084
0.06870926916599274
0.1518915891647339
-0.013948779553174973
0.00602057296782732
-0.060786884278059006
-0.10909435153007507
-0.0372021347284317
0.09151825308799744
0.09442214667797089
0.02534235641360283
0.0077906521037220955
-0.1564420759677887
0.02427423559129238
0.2922648787498474
-0.003707995405420661
-0.07862725853919983
-0.0839952677488327
0.10148463398218155
-0.21759982407093048
-0.0001245117891812697
-0.048144977539777756
0.08405914902687073
0.044351208955049515
-0.05618490278720856
0.06570441275835037
0.006267394404858351
0.05579060688614845
0.018700851127505302
-0.1436556577682495
0.009918286465108395
0.006879067048430443
0.09578912705183029
0.1714695692062378
0.022970452904701233
-0.18718920648097992
0.15869084000587463
-0.09277678281068802
0.010445743799209595
-0.07287076860666275
-0.1802624613046646
0.2810703217983246
0.020440418273210526
0.01731116697192192
-0.06177341938018799
0.1316775679588318
-0.06697431206703186
0.22084297239780426
0.004649560432881117
-0.0647321566939354
-0.07530251145362854
-0.04758680984377861
0.0050557274371385574
0.02023765817284584
0.12616471946239471
0.00165952043607831
-0.23436316847801208
0.22905030846595764
0.10635069757699966
-0.11314643174409866
-0.05157911777496338
0.00989578291773796
-0.12092245370149612
0.07861310243606567
-0.060755204409360886
0.1756596565246582
-0.002843580674380064
0.17991869151592255
0.11278900504112244
0.08721374720335007
-0.008565416559576988
-0.05509965866804123
-0.0480777770280838
-0.2136784940958023
0.053552743047475815
0.06507790833711624
0.03268375247716904
0.08433873951435089
-0.07770135998725891
-0.02673519030213356
0.09964500367641449
0.1462799310684204
-0.17030319571495056
-0.0581333190202713
0.2555544078350067
0.06165727600455284
-0.05179582163691521
-0.04038020223379135
-0.05134959891438484
0.08697327226400375
-0.02249765954911709
-0.10934329032897949
0.053579770028591156
0.08328554779291153
-0.045977380126714706
0.01384471170604229
0.09240696579217911
0.05330826714634895
-0.0993676632642746
-0.015477517619729042
0.19136497378349304
-0.08914583176374435
-0.03577066585421562
-0.012262471951544285
0.015057961456477642
-0.14636245369911194
0.042789097875356674
-0.06004681810736656
0.035974688827991486
-0.11970552057027817
0.07192400842905045
0.07369594275951385
-0.0968935638666153
-0.04314916208386421
0.06580940634012222
-0.007791339885443449
0.07552267611026764
-0.14224424958229065
-0.09213293343782425
0.15266384184360504
0.23607805371284485
-0.11926379054784775
-0.08480500429868698
0.20118974149227142
-0.1517651230096817
-0.07348063588142395
-0.17279131710529327
-0.0847378522157669
0.12890160083770752
0.09068326652050018
0.06551142036914825
-0.028563011437654495
-0.14416591823101044
0.1378023475408554
-0.0006157709867693484
-0.036970388144254684
0.1341632455587387
0.06837798655033112
0.031910549849271774
0.17451021075248718
0.08104372024536133
-0.04552130028605461
0.20428134500980377
-0.004525800701230764
0.058737125247716904
0.09159240126609802
0.038868483155965805
-0.06046360358595848
0.10020557790994644
-0.09239878505468369
0.06433454900979996
0.12652020156383514
0.09903619438409805
0.05072636157274246
0.1256416141986847
0.10276220738887787
0.05516696721315384
0.006712955888360739
-0.052153702825307846
-0.12467017769813538
0.18523189425468445
0.13224923610687256
0.20081906020641327
-0.06339778751134872
0.20696130394935608
0.00584420096129179
-0.17621666193008423
-0.021497312933206558
0.08438894152641296
0.037046343088150024
-0.0699293464422226
-0.11045985668897629
0.03511984273791313
0.08064138889312744
-0.10461002588272095
-0.040830545127391815
-0.0010575056076049805
-0.007421504706144333
-0.19414587318897247
-0.13947544991970062
0.12795200943946838
-0.01584312692284584
-0.032422762364149094
0.0785827487707138
-0.08561097830533981
0.07461176067590714
-0.03610906004905701
-0.009946136735379696
0.0689634457230568
0.03212203457951546
0.20894567668437958
0.09355784952640533
0.28529664874076843
-0.23886963725090027
-0.10600129514932632
-0.12115778028964996
0.2073564976453781
-0.10496099293231964
-0.06972353905439377
0.22555962204933167
0.04837527126073837
-0.003303282428532839
-0.05938257277011871
-0.05040418729186058
-0.017644759267568588
0.07092456519603729
-0.012621220201253891
-0.09782954305410385
0.11656448990106583
-0.1342320740222931
-0.15998759865760803
-0.009368957951664925
-0.0019268521573394537
-0.18922215700149536
-0.14358298480510712
0.0301782488822937
-0.1044987142086029
0.04164649173617363
-0.02839348092675209
-0.19467009603977203
0.1351163536310196
-0.16513654589653015
-0.04740327596664429
0.04128074645996094
0.015948433429002762
0.21183383464813232
0.19718389213085175
0.18748603761196136
0.17632339894771576
-0.00854484923183918
0.19539599120616913
0.11906418204307556
0.20487014949321747
0.08383854478597641
-0.12607093155384064
-0.059862516820430756
0.19768477976322174
-0.21036989986896515
-0.16507329046726227
0.14013805985450745
-0.08861208707094193
0.21781574189662933
-0.040815845131874084
-0.07614317536354065
-0.00459739426150918
-0.2891704738140106
-0.22733061015605927
-0.21829865872859955
0.049236878752708435
0.25626301765441895
-0.041459821164608
0.10946492105722427
-0.18793019652366638
-0.01210149098187685
0.026704519987106323
-0.07018282264471054
0.024296006187796593
0.017276473343372345
-0.05623335763812065
0.22456251084804535
-0.06628245115280151
-0.0894395187497139
0.19281166791915894
0.14705845713615417
-0.17884302139282227
0.015501836314797401
-0.06288967281579971
0.0038310785312205553
-0.22108229994773865
-0.06149778142571449
-0.12804178893566132
0.1539655476808548
-0.03183075785636902
-0.03075456991791725
-0.007845991291105747
-0.18955443799495697
-0.05099281668663025
0.07261581718921661
-0.19612321257591248
0.2401214987039566
-0.015167484059929848
0.00522394385188818
0.026058120653033257
0.12990032136440277
-0.015266692265868187
0.09770214557647705
-0.029462866485118866
0.015213828533887863
0.06925785541534424
-0.010122165083885193
-0.11870761215686798
0.0016097709303721786
0.0985303744673729
0.016810612753033638
-0.05651424080133438
0.08777538686990738
-0.03139452263712883
0.03141321986913681
-0.16729386150836945
-0.11293795704841614
0.13379056751728058
0.031052665784955025
-0.0938725620508194
-0.015654627233743668
0.15333202481269836
0.034463003277778625
0.1375747174024582
0.010821059346199036
-0.1049947738647461
0.017992956563830376
-0.050861407071352005
0.09454989433288574
0.12542951107025146
0.056099891662597656
0.21609680354595184
-0.02413741685450077
-0.08472027629613876
0.014982718043029308
0.12495401501655579
0.03820182383060455
0.026546983048319817
0.15685391426086426
0.061935219913721085
0.01780463382601738
0.0526474229991436
-0.17912159860134125
0.05155845358967781
-0.022760631516575813
-0.004962495528161526
-0.14857704937458038
0.05921124294400215
-0.023936858400702477
-0.1799549162387848
-0.06710975617170334
-0.04411732405424118
-0.05677765980362892
0.01911846175789833
-0.03338523581624031
-0.006744329817593098
0.11386029422283173
0.11873286217451096
-0.04533306136727333
-0.1639082133769989
0.10552999377250671
-0.11348696053028107
0.036124419420957565
0.027036475017666817
-0.12568317353725433
-0.05801030993461609
0.2764786183834076
0.1155843734741211
0.1614019274711609
0.12013392895460129
0.03737496957182884
0.05601462721824646
-0.29394128918647766
0.19194915890693665
-0.07987833768129349
0.0039024162106215954
-0.03659858927130699
0.02963588945567608
-0.15089675784111023
-0.0469127856194973
0.15053384006023407
-0.04804733395576477
-0.044707994908094406
-0.05876361206173897
0.07277586311101913
-0.04556223377585411
-0.011728843674063683
0.13984307646751404
0.021375203505158424
0.047926366329193115
-0.15652887523174286
-0.121652752161026
-0.006463802419602871
0.11082641035318375
-0.1717340350151062
-0.00021838315296918154
0.04352888464927673
0.10077154636383057
0.17591173946857452
-0.04247337579727173
-0.11232444643974304
0.22886988520622253
-0.17178501188755035
-0.107957623898983
0.022956859320402145
0.09169752150774002
0.04020334780216217
0.055938754230737686
0.17630206048488617
0.03569559007883072
-0.04644498601555824
0.12506896257400513
-0.02502496726810932
-0.040499404072761536
-0.08567583560943604
-0.016807202249765396
0.0756462961435318
-0.11659449338912964
0.03949702903628349
0.057087477296590805
0.19576554000377655
0.06988220661878586
0.20749223232269287
0.0040522171184420586
-0.11677557229995728
0.042433395981788635
0.016815824434161186
0.024185694754123688
-0.09188057482242584
-0.04912853240966797
0.0982406958937645
-0.030681652948260307
-0.040549490600824356
0.010680267587304115
-0.05265270918607712
0.047523967921733856
0.03503616899251938
-0.3739083409309387
-0.1332371085882187
0.047521501779556274
-0.07615504413843155
-0.20708294212818146
0.1460150182247162
0.007403620984405279
-0.03596901148557663
-0.10566341876983643
0.08630682528018951
0.09169051051139832
0.012829919345676899
-0.10048889368772507
0.03646821156144142
-0.23417207598686218
0.04661935195326805
0.005862881429493427
-0.07330573350191116
0.038090065121650696
0.24611838161945343
-0.041384194046258926
0.09077265113592148
0.05010603368282318
-0.038889721035957336
-0.16680163145065308
-0.007864058949053288
-0.04617725685238838
-0.015402900986373425
-0.0255972221493721
-0.029869982972741127
-0.0386262908577919
-0.05196196958422661
0.062245924025774
-0.006991255097091198
-0.0979863777756691
0.017611142247915268
-0.20165443420410156
0.07135782390832901
0.13496620953083038
0.06038042530417442
-0.06607277691364288
0.07625176757574081
0.04755888506770134
-0.10223621129989624
0.019683733582496643
-0.2069881707429886
-0.13167227804660797
-0.12835730612277985
0.12000612169504166
0.05539544299244881
-0.10303818434476852
0.0008116437820717692
0.12788252532482147
0.06597942858934402
-0.13725529611110687
0.13584478199481964
-0.2382308542728424
0.23374098539352417
0.07165607810020447
-0.003570722648873925
0.08552604168653488
0.16489198803901672
-0.07589904218912125
0.10241632908582687
0.11080925166606903
0.11537813395261765
0.12717364728450775
0.10277649760246277
-0.04461398348212242
0.3121824860572815
-0.14938344061374664
0.018829625099897385
-0.08042207360267639
0.018846239894628525
-0.049935802817344666
-0.18939827382564545
-0.054127633571624756
-0.07776694744825363
0.13275481760501862
-0.07562319189310074
-0.19634971022605896
-0.023316139355301857
-0.03979144245386124
-0.041527651250362396
-0.060917675495147705
0.11674799770116806
0.08611654490232468
0.1403426229953766
-0.23778562247753143
0.196211040019989
0.1605185568332672
0.013351193629205227
0.0857137143611908
-0.12551946938037872
0.13472509384155273
0.06692888587713242
0.0011186948977410793
-0.09171377867460251
-0.1473686248064041
0.049895305186510086
0.07829167693853378
-0.15980160236358643
0.07359924912452698
0.0340447872877121
-0.06850745528936386
-0.06502103805541992
0.16793324053287506
0.1623721867799759
0.030405787751078606
-0.07052729278802872
0.006750307511538267
-0.01873922161757946
0.03429892659187317
0.12310902774333954
0.06800608336925507
0.03389973193407059
0.06723295897245407
0.04814121872186661
0.016762753948569298
0.03761523216962814
0.029446011409163475
0.14379945397377014
-0.10783236473798752
-0.0047772349789738655
-0.06040540337562561
0.18765020370483398
-0.0842951312661171
0.17698369920253754
-0.0634789690375328
-0.09890352934598923
0.29841265082359314
-0.01867215894162655
0.14692023396492004
0.0739937499165535
0.04889826476573944
0.04142279550433159
-0.05592774972319603
-0.12586189806461334
-0.039173372089862823
-0.18289074301719666
-0.004502084106206894
-0.21991515159606934
0.025248313322663307
0.11042636632919312
-0.14913040399551392
0.019050603732466698
-0.1901567131280899
0.00552006158977747
0.09780684113502502
0.005429531447589397
-0.1543666422367096
-0.018177980557084084
-0.05524566024541855
-0.06720106303691864
0.005167963914573193
0.03653119504451752
-0.24350722134113312
-0.08191778510808945
-0.000780849251896143
-0.20966054499149323
0.009038195013999939
0.01406760886311531
-0.1046806126832962
-0.12188705801963806
0.037890445441007614
-0.09953640401363373
-0.13462579250335693
-0.09074732661247253
-0.12621860206127167
-0.11831715703010559
-0.11208771169185638
-0.143563911318779
-0.0883854404091835
-0.05449299141764641
0.13638000190258026
0.025947920978069305
0.054837893694639206
0.04957668483257294
0.0010766750201582909
-0.00557664642110467
0.10249923169612885
-0.04563644528388977
-0.13677939772605896
-0.14461375772953033
-0.008507590740919113
0.05606960877776146
0.024391088634729385
0.075708769261837
0.18492096662521362
0.1125510036945343
0.15040720999240875
0.0888017937541008
-0.03254880756139755
0.0980740338563919
0.10840491950511932
0.007918250747025013
-0.008432566188275814
-7.78509202064015e-05
0.00754539854824543
0.04087572172284126
0.0992225930094719
0.126218780875206
0.11162221431732178
0.10058808326721191
-0.12579700350761414
-0.08078460395336151
-0.07741232216358185
0.0627618283033371
-0.09879733622074127
0.17255502939224243
0.20118683576583862
-0.1084616631269455
-0.03496883064508438
0.04850781708955765
0.03167830780148506
-0.04089570790529251
-0.17325273156166077
0.1532227098941803
0.05029299110174179
-0.2532041668891907
0.1371861696243286
0.025279799476265907
-0.0893821120262146
-0.1486407369375229
0.03876286745071411
-0.12682345509529114
-0.1400316208600998
0.09207464009523392
0.07667364180088043
0.029989058151841164
-0.011531980708241463
0.10751128196716309
0.02074088342487812
0.19094747304916382
-0.009890751913189888
-0.15059790015220642
-0.10095685720443726
0.08652644604444504
-0.062039487063884735
0.08876214176416397
-0.10321430116891861
0.054179370403289795
-0.032418303191661835
-0.08652061969041824
-0.051829367876052856
-0.18414974212646484
-0.015767354518175125
0.06467859447002411
0.030806630849838257
0.01748122088611126
-0.01133098267018795
0.07016626745462418
-0.07468696683645248
-0.1801353394985199
-0.09018819034099579
-0.2209508866071701
-0.0544976070523262
-0.07015686482191086
0.0650511085987091
-0.11303522437810898
-0.10524915903806686
-0.018048832193017006
0.07600757479667664
0.05787806585431099
-0.1220811977982521
0.006049746181815863
-0.04733968526124954
-0.12186144292354584
0.031522635370492935
-0.0190009456127882
-0.16143810749053955
0.07078643888235092
-0.03832775354385376
0.12431878596544266
-0.2641289234161377
0.025399651378393173
0.10515277832746506
-0.008176779374480247
-0.014608686789870262
-0.11623242497444153
0.09642685204744339
0.11580447852611542
-0.09893779456615448
-0.1304740458726883
0.022678757086396217
0.007396810222417116
0.053840331733226776
-0.10666240751743317
0.027436796575784683
0.05091208964586258
0.052409637719392776
-0.014615182764828205
-0.15566660463809967
-0.05292338505387306
0.05336939916014671
-0.03277052566409111
0.14463013410568237
-0.117611363530159
0.08578718453645706
-0.15305976569652557
-0.13624422252178192
-0.020030511543154716
-0.0215084720402956
0.07040703296661377
0.007054136600345373
-0.05505478382110596
-0.09769073873758316
-0.1219421848654747
-0.024212488904595375
-0.14400151371955872
0.06145615130662918
-0.17169487476348877
-0.1351189911365509
-0.1308945119380951
0.12929753959178925
-0.06889375299215317
0.07281908392906189
0.01085579302161932
0.0522453710436821
0.03355221450328827
-0.01042419858276844
0.08481377363204956
-0.0469629131257534
-0.18761198222637177
-0.0400705523788929
-0.07926227897405624
0.1138111874461174
-0.23583923280239105
-0.118468277156353
0.05328741297125816
-0.10893812775611877
0.21675145626068115
0.054379332810640335
0.01920417882502079
-0.09908773005008698
0.047182753682136536
0.2241787165403366
0.06650013476610184
-0.07673298567533493
0.17243292927742004
0.09563907980918884
0.0014892214676365256
-0.25469958782196045
-0.14346618950366974
-0.07478144019842148
0.053822170943021774
-0.20184630155563354
-0.2393629103899002
-0.060819849371910095
-0.11835333704948425
-0.0950060486793518
0.0010289378697052598
-0.041490837931632996
-0.008974115364253521
-0.134611114859581
-0.005986152216792107
-0.07772804796695709
-0.1415766328573227
0.14005529880523682
-0.1914176642894745
-0.12515676021575928
-0.10574732720851898
-0.3214941918849945
0.18792115151882172
-0.07251598685979843
-0.11613062024116516
0.005708920769393444
0.22865115106105804
0.2791273593902588
0.07717572897672653
0.07147350162267685
-0.04645050689578056
-0.08286552876234055
0.04681491479277611
0.03779952600598335
-0.10404936224222183
-0.028616512194275856
0.12513145804405212
-0.1266518384218216
-0.10367286950349808
0.008708495646715164
-0.2057441920042038
-0.039330072700977325
0.001902551157400012
-0.03313257172703743
0.03894982486963272
-0.00432888837531209
-0.04816778004169464
-0.08160467445850372
-0.011254637502133846
0.05758167803287506
-0.02959625795483589
0.22438795864582062
-0.09216578304767609
0.026097286492586136
0.13327257335186005
0.2326863706111908
-0.049356017261743546
0.20134161412715912
-0.038278963416814804
0.09752162545919418
0.010636817663908005
0.015118691138923168
-0.05876404792070389
0.023129459470510483
-0.01858237013220787
0.04284915328025818
-0.0021524832118302584
0.07563810050487518
0.06447827070951462
-0.1051388829946518
0.025710098445415497
0.003289485117420554
-0.08130215108394623
0.08031225204467773
0.08718609809875488
0.01776844635605812
0.014796926639974117
0.12361831218004227
-0.14718733727931976
-0.014526398852467537
0.06259451806545258
0.12735360860824585
0.12851722538471222
-0.05344654247164726
0.2077438235282898
-0.05602574348449707
-0.08631355315446854
0.13226911425590515
0.013342331163585186
-0.17863720655441284
0.02378319762647152
0.15551193058490753
-0.09278354048728943
-0.06869596987962723
-0.10255256295204163
0.044590823352336884
-0.12161063402891159
-0.1835290938615799
-0.07171601057052612
-0.005945867858827114
0.1794145256280899
-0.02567749097943306
0.023620955646038055
-0.060023028403520584
-0.013310587033629417
-0.09346941858530045
0.12391529232263565
0.06476843357086182
0.12424725294113159
0.028868980705738068
0.05600249022245407
-0.057968247681856155
0.06202465295791626
0.11353147029876709
0.14387959241867065
-0.17857153713703156
0.13191063702106476
-0.05760635435581207
-0.24109584093093872
-0.07639963924884796
0.15998151898384094
-0.17690949141979218
0.0012027928605675697
0.03990071266889572
0.019458238035440445
0.1577291488647461
-0.27100399136543274
0.21901273727416992
-0.09509346634149551
-0.023133400827646255
0.06439554691314697
0.04965132847428322
-0.10854236781597137
-0.16759774088859558
-0.12548132240772247
-0.060945186764001846
0.011829337105154991
-0.10981067270040512
0.08269429206848145
0.019670682027935982
-0.024810519069433212
0.021026525646448135
0.17341163754463196
0.20458148419857025
-0.1002669706940651
0.2580326795578003
0.004280025139451027
-0.16526326537132263
0.05476708337664604
-0.1365744024515152
0.06774425506591797
-0.12897475063800812
-0.1295051872730255
0.10103313624858856
0.07809364050626755
0.021128235384821892
-0.08901607990264893
0.08010293543338776
0.09818015992641449
0.147217258810997
0.08899109065532684
-0.026735711842775345
-0.10225045680999756
-0.13669350743293762
-0.0028569179121404886
-0.02674826793372631
0.12165845185518265
-0.09292299300432205
0.04563123360276222
-0.05464225634932518
0.016095995903015137
-0.09524518251419067
-0.18564194440841675
-0.01934981718659401
-0.03537970408797264
-0.10057046264410019
-0.11902519315481186
-0.18347062170505524
-0.22813495993614197
0.22107689082622528
0.19465109705924988
0.15390343964099884
0.13780507445335388
0.12028685212135315
-0.3309450149536133
-0.004675587639212608
0.06490001827478409
0.19186389446258545
0.07258421182632446
-0.12749256193637848
0.21154630184173584
0.2539200782775879
-0.10802771896123886
0.1825455129146576
-0.14283937215805054
0.02995327115058899
0.028699249029159546
0.014300254173576832
0.18894809484481812
0.08473268151283264
-0.14911869168281555
0.04016644135117531
0.016949916258454323
-0.16604061424732208
-0.07901942729949951
-0.006747994106262922
0.01884000189602375
-0.09509695321321487
0.08571144193410873
-0.010992324911057949
0.017956256866455078
0.009096728637814522
0.15635567903518677
0.14781932532787323
0.002667102264240384
0.15400193631649017
-0.0193456020206213
0.1336497813463211
0.025564420968294144
0.07932288199663162
-0.1067894846200943
-0.11420729756355286
-0.13368944823741913
0.17778785526752472
0.023880179971456528
0.04728167504072189
-0.06845501810312271
-0.09510401636362076
-0.025049852207303047
0.23181647062301636
0.039027776569128036
-0.13176940381526947
-0.1460380107164383
0.1290959268808365
0.11065741628408432
0.11046741157770157
-0.051695771515369415
0.009002774953842163
0.1443362683057785
0.023690761998295784
-0.022584296762943268
-0.16038228571414948
0.1017729789018631
-0.001885958481580019
0.14616744220256805
-0.24010713398456573
-0.002723376266658306
-0.0864030197262764
0.05041360855102539
-0.05320265144109726
0.03784102946519852
-0.1184326708316803
0.040802810341119766
0.08970534056425095
0.1050741896033287
0.1671396940946579
0.08049359917640686
-0.05369947850704193
-0.03268440440297127
-0.07628733664751053
-0.14338074624538422
0.018652895465493202
0.02173558808863163
0.01070368755608797
0.04762526974081993
-0.05933269485831261
0.08510777354240417
-0.1803165227174759
0.12697376310825348
0.006262687500566244
0.09098220616579056
0.23008303344249725
0.012988701462745667
0.08778504282236099
-0.06330707669258118
-0.13227994740009308
-0.10119353234767914
-0.1382887065410614
0.029868951067328453
-0.07155343890190125
0.04956299811601639
0.05628756806254387
0.15052661299705505
0.021098393946886063
-0.04443588852882385
0.03572558984160423
0.02353656478226185
-1.0697756806621328e-05
0.22399675846099854
0.08154085278511047
-0.09314955025911331
-0.028391964733600616
-0.07803402841091156
-0.042207974940538406
0.07156319171190262
0.009766224771738052
-0.006453892681747675
0.160712331533432
0.0905572772026062
-0.09241441637277603
-0.029813557863235474
0.07108250260353088
0.14938972890377045
-0.16768260300159454
-0.04830104112625122
-0.0912964791059494
-0.16125428676605225
-0.11746685951948166
0.179733544588089
-0.10207318514585495
-0.12941153347492218
0.017685184255242348
0.015505794435739517
-0.12948749959468842
-0.10436919331550598
-0.054238948971033096
-0.07977090030908585
0.07713022083044052
0.0558529756963253
-0.05931864306330681
-0.10887836664915085
0.19093701243400574
-0.08191536366939545
-0.040423788130283356
0.030781090259552002
-0.14493131637573242
0.026273049414157867
-0.2505033612251282
-0.0011964465957134962
-0.0436028353869915
-0.032731931656599045
-0.04829638451337814
-0.01645023562014103
0.0954621210694313
-0.08471787720918655
-0.014887290075421333
-0.13045617938041687
-0.03610675036907196
-0.06315996497869492
-0.11020532995462418
0.09597092866897583
0.11807268112897873
0.053219273686409
-0.3426509201526642
-0.171300008893013
-0.12992702424526215
-0.02387378178536892
0.14664845168590546
-0.026638135313987732
0.03928259015083313
0.11132145673036575
-0.03355018422007561
0.11469268053770065
0.16300015151500702
-0.09587422013282776
-0.06761566549539566
0.09468957781791687
-0.14776477217674255
-0.10341722518205643
-0.05092179402709007
0.13624003529548645
-0.09114345908164978
0.017007073387503624
-0.006126983091235161
-0.12162505090236664
0.03946429491043091
0.16088323295116425
-0.1721516102552414
0.16050399839878082
-0.026295406743884087
-0.13220785558223724
0.18528629839420319
0.00532442657276988
-0.07771830260753632
-0.021640067920088768
-0.025603588670492172
-0.10985511541366577
0.06824500858783722
-0.10372376441955566
0.0780869871377945
0.11931172758340836
0.130142480134964
0.3202141225337982
0.009404449723660946
-0.19310826063156128
-0.21971119940280914
-0.036973852664232254
-0.04010721668601036
0.016800248995423317
0.16230155527591705
0.012153521180152893
-0.13620612025260925
-0.08745037019252777
-0.07935870438814163
0.17957580089569092
0.03657863289117813
-0.19775080680847168
-0.016635645180940628
-0.14891403913497925
-0.1765136420726776
0.16277876496315002
0.09273786842823029
0.024898946285247803
-0.005090165883302689
-0.0021727310959249735
-0.029862305149435997
-0.04125064238905907
-0.007977682165801525
-0.09768231213092804
0.036779195070266724
-0.007742719259113073
0.021671593189239502
0.07505572587251663
0.08344324678182602
0.24112889170646667
0.13971219956874847
-0.09499137848615646
0.15686893463134766
0.03528120741248131
-0.1239466667175293
-0.17095209658145905
0.03487541899085045
0.07693765312433243
-0.004720635246485472
0.09897617995738983
-0.25418582558631897
0.14292000234127045
-0.291343092918396
0.2837989330291748
0.1418638527393341
0.009351908229291439
0.12221977859735489
-0.15063311159610748
-0.14429987967014313
-0.0989326611161232
-0.0201617069542408
-0.11691253632307053
-0.07431423664093018
-0.04583730548620224
0.057385507971048355
-0.011557305231690407
-0.1415015459060669
0.0786825641989708
-0.09386821836233139
0.015668561682105064
-0.10542768239974976
0.07782938331365585
0.18371590971946716
0.02349451370537281
0.04115668684244156
-0.15821124613285065
0.17769303917884827
-0.0036486624740064144
0.0628739669919014
0.02207418903708458
-0.055654410272836685
0.02129507064819336
-0.1421186923980713
0.041073400527238846
0.06183060631155968
-0.04283643141388893
-0.04174494743347168
0.05306784436106682
-0.18377138674259186
-0.07420061528682709
-0.09053152054548264
0.008093642070889473
-0.09639639407396317
0.11941809952259064
0.23632073402404785
0.22807206213474274
-0.00043212855234742165
-0.09065373241901398
0.09758742153644562
0.10298705101013184
0.1285334974527359
0.022936943918466568
-0.07705668359994888
-0.04514600336551666
-0.030463021248579025
-0.00422168243676424
-0.012499566189944744
0.13304905593395233
0.12786109745502472
-0.03674418479204178
-0.06883488595485687
0.1907230019569397
0.020683854818344116
0.007899991236627102
-0.017044546082615852
0.03181377798318863
-0.10944695770740509
0.1838666796684265
-0.24309948086738586
0.11592233180999756
-0.19495582580566406
-0.030334755778312683
-0.20703472197055817
0.0787581130862236
-0.0065854815766215324
0.05060944706201553
0.15463697910308838
-0.04402504116296768
-0.09703414887189865
0.046062104403972626
0.24608083069324493
-0.05285989120602608
0.20153558254241943
0.03197145462036133
-0.09219121187925339
0.15735919773578644
-0.18222521245479584
-0.018245337530970573
-0.03887297213077545
-0.04716312885284424
-0.0006079000886529684
-0.02995224855840206
0.11838330328464508
-0.04583463817834854
-0.15197621285915375
-0.19661468267440796
-0.16141386330127716
0.09202750772237778
0.06752443313598633
-0.03114856779575348
0.043303232640028
-0.12406005710363388
-0.1251218318939209
-0.019806664437055588
0.14038482308387756
0.1000208929181099
0.04672614485025406
0.05145733058452606
0.041082073003053665
0.23353354632854462
0.1422463059425354
-0.05005223676562309
-0.05761890485882759
0.12924151122570038
0.11421115696430206
-0.022595999762415886
-0.0638338029384613
0.051608581095933914
-0.25549545884132385
-0.07686111330986023
-0.06204437464475632
0.03709062188863754
0.12163850665092468
0.026265881955623627
-0.10555413365364075
0.010663281194865704
0.00329518667422235
-0.14574089646339417
-0.136100172996521
0.17667046189308167
0.12567728757858276
0.029008964076638222
0.21830600500106812
0.19821549952030182
-0.014025731012225151
0.1703837811946869
0.09992818534374237
0.058224208652973175
0.21764366328716278
0.12756477296352386
-0.15649597346782684
0.04299408942461014
0.06580276787281036
0.030877865850925446
-0.07049147039651871
-0.008089996874332428
0.14755499362945557
0.01582418940961361
0.008290273137390614
-0.13358375430107117
-0.07112236320972443
0.03164520859718323
0.05228881165385246
-0.09946936368942261
-0.05291755497455597
0.04597456380724907
-0.15444272756576538
0.1338007152080536
0.17921026051044464
-0.2902936339378357
0.11665759235620499
-0.03785961493849754
0.0043936180882155895
-0.022793468087911606
0.03373616933822632
-0.11142291873693466
0.0734218880534172
-0.1519615203142166
0.01780802756547928
-0.037789907306432724
-0.036861322820186615
-0.09105151891708374
-0.02097279764711857
0.25594648718833923
0.20342467725276947
0.01495515275746584
-0.17437194287776947
0.07376378774642944
-0.001708495314233005
0.011256742291152477
0.2423708438873291
-0.05680928751826286
-0.04366372898221016
-0.025898056104779243
-0.1502581685781479
-0.1421472579240799
-0.07309363037347794
0.08361291885375977
-0.16585585474967957
-0.11473234742879868
-0.18804553151130676
-0.06981869041919708
-0.08283756673336029
-0.30580568313598633
0.11625490337610245
0.08638624101877213
0.19951699674129486
-0.13442522287368774
0.21933290362358093
-0.1195991188287735
0.015248645097017288
-0.025939781218767166
-0.0765315443277359
0.19438737630844116
0.01912480778992176
-0.03161521628499031
0.21620886027812958
0.011935638263821602
-0.028432603925466537
-0.02933400310575962
0.11271239817142487
-0.2172742635011673
0.023876983672380447
-0.0515156015753746
0.16157159209251404
0.05467500910162926
-0.09836912900209427
-0.06630804389715195
-0.018529757857322693
0.012850383296608925
-0.08929333090782166
-0.1142069399356842
-0.02726558968424797
0.19332674145698547
-0.07897493243217468
-0.09835704416036606
-0.05057496204972267
-0.07295642048120499
-0.0012094920966774225
0.025127829983830452
0.13970674574375153
-0.20941412448883057
-0.04502008855342865
0.18908146023750305
0.21358665823936462
-0.08788084238767624
0.14057832956314087
-0.11566129326820374
0.16336995363235474
0.033944569528102875
0.052285969257354736
-0.029265088960528374
0.022729206830263138
0.0840102955698967
0.047158196568489075
0.03932812064886093
-0.08865708112716675
-0.04389045760035515
0.12105405330657959
0.11271287500858307
0.047291211783885956
0.1285446286201477
-0.2630162835121155
0.09478989988565445
0.2536260485649109
0.17719195783138275
0.0724627748131752
-0.144907146692276
-0.022430796176195145
0.10660074651241302
-0.1024216040968895
-0.16240082681179047
-0.06396998465061188
-0.06715039163827896
0.059268902987241745
-0.05277010053396225
0.008667008019983768
-0.04284047707915306
0.038549914956092834
0.14600537717342377
-0.059221941977739334
0.07628262042999268
-0.10087160021066666
-0.10459282994270325
0.04776915907859802
0.054706741124391556
-0.16555874049663544
0.05025346204638481
-0.09724923223257065
0.023489605635404587
0.08132641017436981
0.15805301070213318
0.04816291853785515
-0.0528549998998642
-0.17624785006046295
0.11517664790153503
0.10048583149909973
0.004672246519476175
0.022961314767599106
-0.07483332604169846
-0.02124614641070366
0.13008344173431396
0.12715108692646027
0.13890805840492249
0.131273552775383
-0.026549680158495903
0.03820842131972313
-0.13572034239768982
0.16808836162090302
0.051846910268068314
0.043935686349868774
-0.042919814586639404
-0.061590731143951416
0.15810319781303406
0.05210503190755844
-0.06684285402297974
-0.019470220431685448
-0.0025005382485687733
-0.003221559338271618
0.021184531971812248
0.018054556101560593
0.17028777301311493
0.23648719489574432
0.13082094490528107
-0.002249704208225012
-0.04287342354655266
0.04644680395722389
0.07693691551685333
0.05708566680550575
-0.010127278976142406
-0.00284471339546144
0.2302268147468567
-0.00862201489508152
-0.03311624005436897
-0.0983947142958641
0.08043953031301498
-0.16209490597248077
-0.017809327691793442
-0.24651800096035004
-0.10148489475250244
-0.0720195546746254
0.11235133558511734
0.0488460473716259
0.10640475898981094
0.03775206208229065
-0.11361345648765564
-0.1798008233308792
-0.10563898831605911
0.04445982351899147
-0.06757326424121857
0.005452629644423723
-0.08537217974662781
-0.1426449567079544
-0.13220499455928802
0.13517451286315918
0.025181328877806664
0.15531869232654572
0.06659718602895737
0.1343868225812912
0.0815599113702774
-0.2529951333999634
-0.16726532578468323
-0.053711820393800735
0.028953175991773605
-0.08977644890546799
-0.030634230002760887
0.14375394582748413
-0.08578576892614365
0.21706552803516388
0.2075587511062622
-0.17285063862800598
0.11780678480863571
0.023384209722280502
0.11721491068601608
0.2337586134672165
0.006461764220148325
0.06889883428812027
-0.05504164844751358
-0.03278970718383789
-0.07232370972633362
0.04995257779955864
-0.13972437381744385
0.16869093477725983
-0.022013580426573753
0.25895407795906067
-0.05904097482562065
-0.23975281417369843
0.17997969686985016
-0.005481091793626547
0.022286251187324524
-0.07066600024700165
0.13507039844989777
-0.0010819900780916214
-0.04603000730276108
0.20977813005447388
-0.10720402747392654
-0.08551889657974243
-0.0720425546169281
-0.0766298845410347
-0.13080820441246033
0.043429531157016754
0.09222029149532318
-0.08218327164649963
-0.1353103518486023
-0.1173207089304924
0.03642588108778
-0.041069887578487396
0.03338067606091499
-0.15749788284301758
-0.0037328219041228294
0.07333685457706451
-0.11934881657361984
0.07647894322872162
0.15131579339504242
0.13734671473503113
0.02233280800282955
-0.15262523293495178
-0.010814294219017029
0.03108602575957775
0.07297218590974808
0.1595945507287979
-0.01804913766682148
0.15896804630756378
-0.18697597086429596
-0.07371455430984497
-0.005896406248211861
-0.006082020699977875
0.0328497439622879
-0.01840897835791111
0.07322906702756882
0.10502714663743973
-0.07091476023197174
-0.033605195581912994
-0.007276865188032389
-0.0748303085565567
0.09316923469305038
0.052113328129053116
0.14471706748008728
0.1598992645740509
-0.06326451152563095
0.11462093144655228
-0.03980096057057381
0.011154607869684696
0.13056766986846924
0.04875669628381729
0.19639325141906738
0.06341613829135895
0.3014369606971741
-0.044697634875774384
0.1635657250881195
0.20364078879356384
-0.08646068722009659
0.24858346581459045
0.059518963098526
-0.018316805362701416
0.07586346566677094
0.024990355595946312
0.08566754311323166
-0.050646692514419556
-0.03206257522106171
-0.02681226097047329
0.0679348036646843
-0.08963024616241455
-0.0065900362096726894
0.1434917151927948
0.07043959200382233
-0.040217649191617966
-0.1623818427324295
-0.02478056214749813
-0.2071482539176941
0.038255248218774796
0.05821717903017998
-0.0013592399191111326
0.1278141438961029
0.09630371630191803
0.08280237764120102
0.11492300778627396
0.011204023845493793
-0.15844419598579407
-0.009982986375689507
-0.01744197867810726
0.0324702151119709
-0.1599389612674713
0.04879967123270035
0.0370829701423645
-0.14124047756195068
0.09060312807559967
0.23919814825057983
-0.023867167532444
-0.07637307047843933
0.037030041217803955
0.0688055157661438
0.4174649715423584
-0.22090855240821838
-0.06636260449886322
-0.08259862661361694
-0.001339480048045516
0.054761357605457306
-0.04662790149450302
0.183897003531456
0.009544571861624718
0.05085497349500656
0.07243214547634125
0.04940880835056305
0.016395121812820435
0.06174447759985924
0.0007678741822019219
-0.06948494911193848
-0.1394912600517273
-0.13820765912532806
-0.08324847370386124
0.28979992866516113
0.013748040422797203
-0.0991072803735733
-0.07355573028326035
0.08811583369970322
0.37656816840171814
0.12482424080371857
0.15372180938720703
0.14786796271800995
-0.0280634555965662
0.016358759254217148
-0.11593303829431534
-0.07433384656906128
0.07042431831359863
0.04137229546904564
0.07580588757991791
0.03461109846830368
-0.0836704894900322
0.07740113139152527
-0.1335335522890091
0.0896751806139946
0.22804784774780273
-0.09596765786409378
0.09004352241754532
0.06167574226856232
0.19330044090747833
0.07833898067474365
-0.012799577787518501
0.2340642362833023
-0.2425137609243393
-0.1845514476299286
-0.23700082302093506
0.15096132457256317
-0.1161155104637146
0.015071784146130085
0.1032940074801445
0.007107708137482405
-0.12220809608697891
0.14263223111629486
0.04937467724084854
-0.14033222198486328
0.1218455359339714
0.06330879777669907
0.04095759987831116
-0.12568271160125732
0.10754764080047607
-0.04969992861151695
0.03526062145829201
-0.09133835136890411
-0.0363449826836586
0.002555763116106391
-0.21452082693576813
0.1913827657699585
-0.021635832265019417
-0.17066867649555206
-0.20745296776294708
0.1322222799062729
-0.039375074207782745
0.06212931498885155
0.05505916848778725
-0.079487144947052
-0.11538975685834885
-0.24754595756530762
0.011464882642030716
0.06729093939065933
0.07065092772245407
-0.1945473849773407
0.02255941554903984
0.0830841064453125
-0.1940515637397766
-0.09215647727251053
0.0181512963026762
-0.05815698206424713
-0.012567131780087948
0.25256624817848206
0.1214623898267746
0.032698601484298706
-0.0013620378449559212
0.04871412739157677
-0.06190389767289162
-0.2994980216026306
-0.13925698399543762
0.030370676890015602
0.1307361125946045
-0.06643783301115036
-0.01846475526690483
-0.02678607404232025
-0.0827292650938034
-0.2070060670375824
0.21032723784446716
0.09463266283273697
0.07592974603176117
0.09743078798055649
0.2112228125333786
0.011870154179632664
0.06398168206214905
-0.041317567229270935
0.004132747650146484
0.20665211975574493
0.05876739323139191
-0.024960771203041077
-0.029752271249890327
0.06517739593982697
0.14005307853221893
-0.15474547445774078
-0.1590116322040558
-0.048982568085193634
0.021654410287737846
0.07870296388864517
-0.17277701199054718
0.06122326850891113
0.13734109699726105
0.04702512174844742
-0.07736144959926605
0.09002306312322617
-0.09320851415395737
0.02485419623553753
-0.11200419813394547
-0.15445344150066376
-0.06369572132825851
-0.04013456404209137
0.0019150848966091871
-0.05194036290049553
0.01488641556352377
0.13819827139377594
-0.06505975127220154
0.0288374125957489
0.010274202562868595
-0.03439093381166458
-0.18095329403877258
-0.08875824511051178
-0.1134345754981041
-0.1766980141401291
-0.13728360831737518
0.057867325842380524
-0.04381159693002701
0.07420273870229721
-0.07143519818782806
-0.10407210141420364
-0.11400160938501358
0.13619981706142426
-0.21328218281269073
0.03732072561979294
0.1987372785806656
0.006845236290246248
-0.13585412502288818
0.02194846235215664
-0.06150002405047417
-0.15437404811382294
-0.06941288709640503
0.04186519607901573
-0.017233215272426605
-0.06497619301080704
-0.05379832535982132
0.05507728457450867
-0.035548266023397446
-0.11668664216995239
0.04369056597352028
0.12148575484752655
-0.11264221370220184
-0.13454903662204742
0.19668623805046082
-0.12321922183036804
0.11937133967876434
0.16789737343788147
-0.06483785808086395
0.14647144079208374
0.1511611044406891
0.05730286240577698
0.0853961929678917
-0.10083114355802536
-0.0907808467745781
0.0719766765832901
-0.03323344141244888
0.03828365355730057
-0.015058688819408417
0.2945878207683563
-0.029379827901721
0.1295398324728012
0.013429966755211353
0.2581464350223541
-0.13202348351478577
-0.035725679248571396
-0.11684443801641464
-0.13240177929401398
-0.09926962852478027
0.05441759154200554
0.04112068563699722
-0.1277206987142563
-0.14542555809020996
0.0532100684940815
-0.06728212535381317
0.012424750253558159
0.02770533226430416
-0.035669680684804916
-0.16231627762317657
0.18549883365631104
-0.10526463389396667
-0.011204075999557972
0.03425612673163414
-0.011721081100404263
-0.08309125155210495
-0.038296543061733246
0.045238617807626724
0.1067643016576767
0.20747312903404236
0.10569865256547928
-0.13760817050933838
0.09867681562900543
0.015167745761573315
-0.16278408467769623
0.0980406180024147
-0.23444759845733643
-0.10627976059913635
0.0195832010358572
0.17219537496566772
-0.12103994935750961
-0.03482227399945259
-0.02825845405459404
0.07312087714672089
-0.028545478358864784
0.09024900943040848
0.1466827094554901
-0.03341405838727951
-0.24407128989696503
0.11579320579767227
0.03221898525953293
0.2304566651582718
-0.13849174976348877
0.22262875735759735
-0.10288173705339432
0.06747431308031082
0.17879609763622284
-0.020604588091373444
