0.5436983108520508
-0.1884499043226242
0.19519521296024323
0.0265151709318161
0.2027817815542221
0.358051598072052
-0.16642968356609344
-0.07921837270259857
-0.5346544981002808
0.043122753500938416
0.146492600440979
0.16704773902893066
-0.41807031631469727
-0.3518867790699005
-0.3889351487159729
0.2641357183456421
-0.39244189858436584
-0.1620386391878128
0.14865848422050476
-0.07181709259748459
-0.13084374368190765
-0.22703777253627777
-0.027879489585757256
0.4536992609500885
0.3573084771633148
-0.3337179720401764
0.21264402568340302
0.093091681599617
-0.109471894800663
-0.320549339056015
0.40784752368927
0.2155018448829651
-0.2226269245147705
0.29808366298675537
0.11292564123868942
0.17639952898025513
0.42631039023399353
0.4246430993080139
0.04955299198627472
-0.26676085591316223
0.17133332788944244
-0.06787772476673126
0.2772212326526642
0.15777380764484406
0.04383314773440361
-0.2803209722042084
-0.051185742020606995
0.15904679894447327
0.1419374793767929
-0.05064355954527855
-0.19273266196250916
-0.38435402512550354
0.05546990782022476
0.2304665446281433
0.43154311180114746
-0.12261172384023666
0.03477862849831581
0.8854357600212097
0.075431689620018
0.0021425767336040735
-0.26971185207366943
0.12626658380031586
0.2544924020767212
0.5000354051589966
-0.6778054237365723
-0.040648993104696274
0.03703787550330162
0.0021467965561896563
-0.06731262803077698
-0.352975457906723
0.12570559978485107
-0.178220734000206
0.1652866005897522
0.0017198133282363415
-0.275147944688797
0.2595849335193634
0.31043240427970886
0.49964094161987305
0.08939941972494125
0.1815359741449356
-0.4991110861301422
-0.19503554701805115
0.25363409519195557
-0.20040589570999146
-0.06559520214796066
0.432008296251297
0.3702661395072937
-0.23394301533699036
0.1700780987739563
-0.013330819085240364
0.06892511248588562
-0.21156449615955353
0.4981304407119751
-0.20015762746334076
0.3165016174316406
0.19259895384311676
-0.1394749879837036
0.1420125514268875
0.25444626808166504
0.0045446972362697124
0.2765646278858185
0.4078575670719147
-0.443064421415329
-0.056946419179439545
-0.010315001010894775
0.09185831248760223
0.22647897899150848
0.06496520340442657
-0.6009293794631958
0.03134595975279808
0.09828131645917892
0.1819174587726593
0.582684338092804
-0.1028389036655426
-0.5262210965156555
0.010934636928141117
0.28701478242874146
0.1498550921678543
-0.2879525423049927
-0.20592471957206726
-0.08726821839809418
0.019803253933787346
0.4120599925518036
-0.13553881645202637
0.03104558028280735
-0.44557860493659973
-0.4279455244541168
0.13290651142597198
-0.6345945596694946
-0.05179798603057861
-0.4177849590778351
0.015577668324112892
-0.11889346688985825
-0.02777617983520031
0.778001606464386
0.1164926141500473
0.0002731752465479076
0.4381946921348572
0.10674154758453369
0.7775896191596985
0.5825218558311462
-0.10643834620714188
-0.4124729633331299
-0.8217122554779053
-0.5128083229064941
-0.21395574510097504
0.31031468510627747
-0.09245160967111588
-0.008158817887306213
-0.01600017584860325
-0.3997037708759308
-0.16707353293895721
-0.17456138134002686
-0.3598998188972473
0.1597636491060257
-0.335315078496933
0.4619503319263458
0.1323341727256775
0.2467086911201477
0.10134612768888474
0.3081398904323578
-0.1804342269897461
0.04527891054749489
-0.18497595191001892
-0.1347205936908722
0.018414635211229324
-0.5336695909500122
0.1520928591489792
0.21534276008605957
0.5027346611022949
-0.039185717701911926
0.07689964026212692
0.25424811244010925
0.47801873087882996
0.5006754398345947
-0.008891811594367027
0.16100002825260162
0.37988927960395813
0.3975701928138733
-0.220728799700737
0.26007914543151855
0.23951014876365662
-0.41274094581604004
0.03146979212760925
-0.018633514642715454
0.24352823197841644
-0.4807804524898529
0.13069084286689758
-0.33077535033226013
-0.6033455729484558
0.10207023471593857
-0.3566778302192688
0.0004883849178440869
0.18688707053661346
-0.0943470448255539
0.18881554901599884
-0.6047342419624329
-0.007888422347605228
-0.20841306447982788
-0.3297062814235687
-0.037539657205343246
-0.21697556972503662
-0.011951703578233719
0.06134684383869171
0.13583795726299286
0.732349157333374
-0.0942772924900055
-0.025684520602226257
0.3934763967990875
0.4360184371471405
-0.24552124738693237
-0.3034544587135315
0.2052939385175705
-0.030362557619810104
-0.3107076585292816
0.2771235704421997
-0.06452225893735886
-0.11197028309106827
0.18820586800575256
0.15432079136371613
-0.3502524495124817
0.21091465651988983
-0.1146489754319191
0.2074434608221054
0.04887104406952858
0.08637957274913788
-0.10527478158473969
-0.6851596236228943
-0.1603226363658905
0.19364260137081146
0.013449812307953835
-0.08131811022758484
-0.15526452660560608
0.3285965621471405
0.06489580869674683
0.14674314856529236
0.37527650594711304
-0.31281259655952454
0.1592038869857788
0.23994633555412292
0.006297035608440638
-0.5125290751457214
0.012676355428993702
0.4000142514705658
-0.2384939193725586
0.2975684404373169
-0.04622294008731842
-0.3283224403858185
-0.5012909770011902
0.7015390992164612
-0.07142586261034012
0.25527867674827576
-0.25057610869407654
-0.4875826835632324
0.028021320700645447
0.3829810619354248
0.4272981584072113
0.7420057654380798
-0.37987998127937317
-0.04101088270545006
0.012962221167981625
0.27176719903945923
-0.16523940861225128
-0.03559089079499245
-0.34681522846221924
-0.13825781643390656
0.3711490035057068
0.17698796093463898
0.12077134102582932
-0.8430690169334412
-0.3706674575805664
-0.5523529648780823
-0.19155436754226685
0.2384200245141983
-0.09563296288251877
0.48703303933143616
-0.09743963927030563
0.6093509197235107
-0.22788269817829132
0.4435567557811737
-0.16264459490776062
-0.1993321031332016
0.35558977723121643
0.19461514055728912
-0.15291087329387665
-0.19337144494056702
-0.19218002259731293
-0.11702032387256622
0.3805791735649109
0.19222374260425568
0.39714035391807556
-0.24272887408733368
0.3175055682659149
0.10663136839866638
0.05558189004659653
0.32922422885894775
0.08548519015312195
0.23684555292129517
0.32560276985168457
-0.1447073519229889
-0.4003949761390686
0.30035513639450073
-0.07626168429851532
-0.19549696147441864
0.20573633909225464
0.3087756633758545
0.2575248181819916
-0.44523072242736816
-0.6651659607887268
0.6438974738121033
-0.2812194228172302
-0.325074166059494
-0.49846121668815613
0.2903359532356262
0.215719074010849
-0.000991808483377099
0.239520862698555
0.12582755088806152
-0.35018476843833923
-0.3183450698852539
-0.06082736328244209
-0.20275889337062836
-0.1423623263835907
-0.0850963369011879
0.0706491470336914
0.09100537747144699
-0.49628347158432007
-0.3502623736858368
-0.1622837781906128
-0.16592472791671753
0.6261335611343384
-0.38757628202438354
0.2475811094045639
-0.032690323889255524
0.0450570210814476
0.6323635578155518
-0.10186778008937836
0.6615860462188721
-0.1681767851114273
-0.44088026881217957
0.23699302971363068
-0.13584072887897491
0.37026458978652954
-0.1290493607521057
0.15442542731761932
-0.11821278929710388
-0.22754615545272827
-0.6450011134147644
-0.10378673672676086
-0.5406070351600647
0.017464010044932365
-0.5929973125457764
-0.006224839482456446
-0.27009832859039307
-0.22948133945465088
-0.0011102984426543117
-0.22276835143566132
0.44602999091148376
-0.13002550601959229
0.2664671540260315
-0.08905913680791855
0.640019953250885
0.12564803659915924
-0.18745270371437073
-0.0876593366265297
0.517475426197052
-0.3431679904460907
-0.1442602425813675
0.19584432244300842
-0.0010332921519875526
0.4236948788166046
0.22476884722709656
-0.25722068548202515
-0.1425306648015976
0.3545335829257965
-0.19962820410728455
0.6229182481765747
0.12476372718811035
-0.4187737703323364
0.46046900749206543
0.17741116881370544
-0.3610525131225586
0.14663419127464294
-0.41327929496765137
-0.36392152309417725
-0.6577112674713135
-0.2893872559070587
0.705690324306488
0.2264823317527771
-0.4206587076187134
-0.16309036314487457
0.3838895261287689
-0.482883483171463
0.4699976146221161
0.11687248200178146
-0.23404806852340698
-0.20719219744205475
-0.018387585878372192
-0.312989205121994
0.02002006210386753
-0.09931290149688721
0.5338167548179626
-0.30781111121177673
0.28797563910484314
-0.0465649738907814
0.28728699684143066
-0.08481507748365402
-0.5687487125396729
0.01839224435389042
0.12689995765686035
-0.15844717621803284
-0.29189833998680115
-0.2905125021934509
-0.03496164083480835
0.3603084683418274
0.3487451672554016
-0.11402080208063126
-0.19789522886276245
-0.14886552095413208
-0.7446228861808777
-0.04876074939966202
0.4501349925994873
0.39935073256492615
-0.1307431161403656
0.31813496351242065
-0.24181418120861053
-0.25113990902900696
-0.6457580924034119
0.5675185918807983
-0.1316429078578949
-0.2407464236021042
0.14440250396728516
-0.3123255968093872
-0.026165535673499107
0.5089502334594727
0.3433053493499756
0.3275304436683655
0.054780617356300354
0.5132632851600647
0.14478114247322083
0.1265893131494522
0.6162102222442627
0.042032863944768906
-0.05208821967244148
-0.4397435486316681
-0.38230660557746887
0.40763866901397705
-0.4007563292980194
0.00246859947219491
0.24966295063495636
0.37597590684890747
-0.1840207576751709
-0.11151674389839172
0.19640222191810608
0.03106006048619747
0.6974986791610718
0.1118185818195343
-0.31329241394996643
-0.34962940216064453
0.06514505296945572
0.19636650383472443
0.03981248289346695
-0.21416838467121124
0.018658006563782692
-0.4778507947921753
0.28899237513542175
-0.4485390782356262
-0.021229756996035576
-0.343860000371933
0.49371805787086487
0.2909742593765259
-0.5026823282241821
-0.4101402163505554
-0.07561030238866806
0.202723428606987
0.2795988619327545
-0.10653938353061676
0.23248529434204102
0.0854729413986206
-0.1395510882139206
0.06064150109887123
-0.25963184237480164
-0.09404798597097397
0.7974011301994324
-0.14805977046489716
0.5243247151374817
-0.189488023519516
-0.15260349214076996
-0.46446895599365234
0.6292780041694641
0.3360169529914856
0.15021248161792755
-0.28408387303352356
-0.07230708748102188
0.679517388343811
-0.31146425008773804
0.13003244996070862
0.2675766050815582
0.03787168115377426
-0.33735695481300354
0.1560104638338089
-0.19486558437347412
0.546552300453186
-0.2852199375629425
-0.41763800382614136
0.06141483038663864
0.3191510736942291
-0.03412288799881935
-0.22607675194740295
-0.27925950288772583
0.2434220016002655
-0.07911211252212524
0.42830726504325867
-0.14130903780460358
0.333682656288147
-0.509225070476532
-0.39890334010124207
-0.4569321870803833
0.808164656162262
-0.1416153758764267
-0.22562028467655182
-0.13904450833797455
-0.32388025522232056
0.16928519308567047
-0.038836512714624405
0.3486626148223877
0.6835373640060425
0.09294936805963516
-0.0294466782361269
-0.12765152752399445
-0.18411806225776672
-0.3704533874988556
0.3280888497829437
-0.08842046558856964
0.5256019234657288
0.36300042271614075
-0.30252206325531006
-0.2788713872432709
0.3425372242927551
-0.011361345648765564
0.09091644734144211
0.3463137447834015
-0.580038845539093
-0.13327491283416748
-0.6454223394393921
-0.42145025730133057
-0.2245001345872879
-0.10412722826004028
-0.07583872228860855
0.406438946723938
-0.13783086836338043
-0.4100503623485565
0.8259204030036926
-0.029497671872377396
-0.3226564824581146
0.4772402346134186
0.16908666491508484
-0.1988714337348938
-0.15525856614112854
0.34044352173805237
0.23224744200706482
0.21840615570545197
0.2750910222530365
-0.03531697019934654
-0.6396833658218384
-0.1489163488149643
-0.2893471419811249
0.4391382336616516
-0.4734565019607544
0.24947449564933777
0.07382748275995255
-0.09633370488882065
0.47592225670814514
0.03712400421500206
-0.051600370556116104
0.21275867521762848
0.099696084856987
-0.0848131999373436
0.1338793933391571
0.4920724928379059
0.0772683173418045
0.2261826992034912
-0.4244256615638733
0.0022573606111109257
0.7348906397819519
0.10165955126285553
0.35749977827072144
-0.11207643896341324
0.21141484379768372
-0.12218254804611206
-0.574911892414093
0.46622517704963684
-0.48117274045944214
-0.009498337283730507
-0.06739823520183563
-0.12435659766197205
0.4034115672111511
0.6520307064056396
0.26505738496780396
-0.05249292403459549
-0.08079163730144501
0.15548178553581238
-0.39090079069137573
-0.12151265144348145
0.10210313647985458
-0.37023666501045227
0.48219650983810425
0.30573570728302
-0.19812694191932678
-0.09404514729976654
-0.1704377681016922
0.010528119280934334
-0.048328299075365067
0.3427146375179291
-0.18734954297542572
-0.20551258325576782
-0.35382500290870667
-0.14413458108901978
-0.21239390969276428
0.0537533164024353
0.13074788451194763
0.49806809425354004
0.46456196904182434
-0.1318867951631546
0.13234344124794006
-0.14344516396522522
-0.03573155775666237
-0.19530150294303894
-0.003547749249264598
0.13234098255634308
-0.45098841190338135
-0.06311104446649551
-0.24992795288562775
0.3185613453388214
0.19682152569293976
-0.29611334204673767
0.18298938870429993
-0.3201729655265808
-0.029477236792445183
0.38765713572502136
-0.067206010222435
0.18771544098854065
0.0703030377626419
-0.2077588438987732
0.4348708391189575
-0.3613574504852295
0.29206883907318115
0.47386065125465393
-0.7381559610366821
0.16323137283325195
0.047537609934806824
-0.15544921159744263
0.1731075495481491
0.4652446210384369
0.3447628319263458
0.0337168388068676
0.38477346301078796
-0.18640799820423126
-0.6805474758148193
0.31993523240089417
-0.041964419186115265
0.17822657525539398
0.17295999825000763
0.013331660069525242
0.2923905551433563
0.07853392511606216
0.07765653729438782
0.05813051760196686
0.06395509839057922
0.18778428435325623
0.21716873347759247
0.12939070165157318
-0.3041893541812897
0.5447966456413269
0.057168226689100266
0.13081052899360657
0.0543724000453949
0.2626921534538269
-0.37540751695632935
-0.5171130895614624
-0.32215532660484314
-0.07899244874715805
-0.026137933135032654
-0.1165015697479248
-0.1163250058889389
0.402765691280365
0.5596104860305786
0.47247636318206787
0.16499869525432587
-0.14528658986091614
0.008146930485963821
0.12191693484783173
-0.18347451090812683
0.15546633303165436
-0.03115273080766201
-0.07137002795934677
-0.2791258692741394
0.6407812237739563
0.04296925663948059
0.3275318443775177
-0.22587232291698456
-0.12178447097539902
0.035245392471551895
0.240106999874115
0.41486409306526184
0.6708382368087769
0.1999303549528122
0.28854671120643616
-0.18625624477863312
0.18632400035858154
-0.037544429302215576
0.4904859960079193
0.27370935678482056
-0.37930575013160706
-0.019554413855075836
-0.340516597032547
0.028069686144590378
-0.15209262073040009
0.15746545791625977
0.03528505563735962
0.4054107367992401
-0.13483233749866486
-0.20652154088020325
0.21378567814826965
-0.005773785058408976
-0.4798799753189087
0.09977580606937408
-0.06622739881277084
-0.2420966774225235
0.1367114782333374
-0.3490600883960724
0.3082278370857239
-0.03678956627845764
-0.3335200846195221
0.19726453721523285
0.4602224826812744
0.30930933356285095
0.19477909803390503
0.10138654708862305
-0.3690197765827179
-0.03207826614379883
0.6085056066513062
-0.3281188905239105
-0.32918471097946167
0.15267804265022278
-0.652745246887207
-0.33753591775894165
-0.08313754945993423
-0.2106897234916687
0.038728661835193634
0.08754880726337433
0.2755230665206909
-0.06134749576449394
0.46131956577301025
0.41709280014038086
-0.3985787630081177
0.04057277739048004
0.27299579977989197
-0.0355483777821064
-0.2234134078025818
0.14156398177146912
-0.6061619520187378
-0.1695975363254547
0.009070586413145065
0.23746903240680695
0.31252649426460266
0.03340369090437889
-0.3255573511123657
0.33622005581855774
0.4863406717777252
-0.16657963395118713
0.16596099734306335
0.08632149547338486
0.6853045225143433
-0.19305095076560974
-0.2925223708152771
-0.11061152815818787
0.27662864327430725
-0.17665641009807587
-0.18937288224697113
0.3577268421649933
0.3404015004634857
-0.1926078051328659
-0.06922577321529388
0.3949960768222809
-0.15494368970394135
0.23104624450206757
0.06031901016831398
-0.3476735055446625
0.29624128341674805
-0.6591986417770386
0.05035009980201721
0.04222382977604866
-0.21914681792259216
0.11517677456140518
-0.027882922440767288
0.3958580195903778
-0.15258726477622986
-0.03060244955122471
0.13136978447437286
0.2604902982711792
-0.49902915954589844
0.26534512639045715
0.11038457602262497
0.11441928148269653
0.2962777018547058
-0.2551679313182831
0.31395983695983887
-0.4127263128757477
-0.1718122363090515
-0.2502940893173218
0.5006328225135803
-0.4539743661880493
0.2560913562774658
-0.1994791179895401
0.04608441889286041
-0.15704984962940216
0.06560506671667099
-0.1371942162513733
0.05153040587902069
-0.17822737991809845
0.04957472160458565
0.45671552419662476
-0.2546364963054657
-0.11012014001607895
0.633873462677002
-0.4616081118583679
0.524337112903595
0.44546741247177124
-0.053508203476667404
-0.3825239837169647
-0.12746484577655792
0.17535240948200226
-0.19871187210083008
-0.24861088395118713
0.28870344161987305
0.1406034231185913
-0.5360177159309387
-0.01999080367386341
-0.3154489994049072
-0.1455042064189911
-0.2325047105550766
-0.12992283701896667
0.037033192813396454
-0.4546375274658203
0.041373640298843384
-0.11734040826559067
-0.1685638725757599
0.6248500943183899
-0.26597878336906433
0.22887465357780457
0.45525574684143066
0.016869815066456795
-0.09616297483444214
0.575132429599762
0.4627469778060913
0.3597594201564789
0.12400490045547485
0.2636466920375824
-0.33369365334510803
0.33934733271598816
-0.14517006278038025
0.023883726447820663
-0.658286988735199
-0.5464692115783691
-0.42914873361587524
0.1604311168193817
0.016842521727085114
0.0327928252518177
-0.10429094731807709
-0.30840864777565
0.11528602987527847
-0.190520778298378
-0.176420658826828
-0.3623832166194916
-0.1642962396144867
-0.36329737305641174
0.8671913146972656
0.01508574839681387
-0.05140548571944237
0.2277478724718094
-0.29816609621047974
-0.1594986915588379
0.003568375948816538
-0.6467723250389099
-0.11824652552604675
0.23398500680923462
-0.15043528378009796
-0.014775273390114307
-0.13549195230007172
0.16154584288597107
-0.3441357910633087
0.07149840891361237
-0.18156011402606964
-0.7625598311424255
-0.28716370463371277
0.06589610129594803
0.06500279158353806
-0.4048553705215454
0.2849821448326111
-0.16401655972003937
-0.015150019899010658
-0.33824029564857483
-0.05792541056871414
0.046315550804138184
0.06098770350217819
-0.3750062882900238
0.4567472040653229
0.550013542175293
0.04565730318427086
-0.18587402999401093
0.03566800057888031
0.19636455178260803
-0.4261718988418579
0.6363565325737
-0.004830437712371349
0.2229796051979065
0.009805667214095592
0.030777528882026672
-0.3851144015789032
-0.11662667989730835
0.32308703660964966
0.057057589292526245
-0.21943801641464233
0.5260519981384277
0.13527077436447144
0.2126362919807434
-0.17992046475410461
-0.5819046497344971
0.4155932664871216
0.23937447369098663
0.343923419713974
-0.20139531791210175
0.39318737387657166
-0.011186322197318077
0.17775776982307434
-0.046161916106939316
0.21927425265312195
-0.5807933211326599
-0.30568698048591614
-0.3862995207309723
0.09842822700738907
0.49549853801727295
0.12606596946716309
0.525138795375824
-0.2936117947101593
0.41266292333602905
0.13414625823497772
-0.10112391412258148
0.5992639660835266
-0.16789931058883667
-0.44216227531433105
0.47856399416923523
0.2696070075035095
-0.2486693412065506
0.23673267662525177
0.15680330991744995
0.3833341598510742
-0.36623716354370117
-0.1682146042585373
0.37571996450424194
-0.00875547993928194
-0.2791101932525635
0.13106559216976166
-0.23708516359329224
0.21837718784809113
-0.6627759337425232
-0.067170649766922
-0.008862794376909733
0.2203550934791565
0.08409930765628815
-0.02855696715414524
-0.4338280260562897
0.2003471702337265
0.048275697976350784
0.1344294399023056
-0.31159135699272156
0.33040738105773926
0.18999022245407104
0.22769053280353546
-0.3041621744632721
0.047838445752859116
-0.011285269632935524
0.05704854801297188
-0.5460432171821594
-0.02974522113800049
0.13702192902565002
-0.272360235452652
-0.08203667402267456
0.30348628759384155
0.47158706188201904
0.045516833662986755
-0.01078153494745493
-0.0595753937959671
0.022726725786924362
0.3113649785518646
0.018481602892279625
-0.01726410537958145
0.11360540241003036
-0.2586004137992859
0.2664417326450348
-0.15806041657924652
-0.08025568723678589
0.377653032541275
-0.11430199444293976
-0.31411001086235046
-0.6362460255622864
0.5208593606948853
0.30986306071281433
0.3310094475746155
0.3102610111236572
0.2552809715270996
0.0889807790517807
0.03546976298093796
-0.0618729405105114
-0.1991375982761383
-0.30767640471458435
0.19597575068473816
0.16682204604148865
-0.45171865820884705
-0.06885035336017609
0.12655672430992126
-0.7816447019577026
0.0466083362698555
