0.33125439286231995
0.04501090943813324
0.17504914104938507
0.08075381815433502
-0.03889552503824234
0.22287169098854065
-0.1358562409877777
-0.06485478579998016
0.32569825649261475
0.31652745604515076
0.24056415259838104
0.038136955350637436
-0.04999059438705444
-0.07614395767450333
-0.11768665164709091
0.012882223352789879
-0.29252713918685913
-0.020790014415979385
0.07050321996212006
0.014030794613063335
0.26209214329719543
-0.2284328043460846
0.48755592107772827
0.31625521183013916
0.07349700480699539
-0.08120746910572052
-0.4399111866950989
0.004859066102653742
0.051429323852062225
-0.1994253695011139
0.03499407321214676
-0.16608816385269165
-0.08146393299102783
0.30834200978279114
-0.055723391473293304
-0.09289349615573883
0.0732741728425026
0.2071869671344757
0.0158834345638752
0.24508187174797058
-0.20289164781570435
-0.08075881749391556
0.09320348501205444
-0.058866072446107864
-0.1331493854522705
0.18066366016864777
0.13103051483631134
0.20784135162830353
0.10712841898202896
-0.1156219020485878
0.08328928053379059
-0.3998274803161621
-0.23630081117153168
0.1334463655948639
0.14747017621994019
-0.263771653175354
-0.5023490190505981
-0.00338964955881238
-0.014404191635549068
0.4864606559276581
0.24695788323879242
0.007293022703379393
0.1526496857404709
-0.058470483869314194
-0.39230257272720337
0.5807062387466431
-0.05995067581534386
0.22330154478549957
0.010331238619983196
0.05932513251900673
0.11652737110853195
0.02933514304459095
0.2887929677963257
0.01878996193408966
-0.24177387356758118
0.0685092955827713
-0.1882682740688324
0.049960907548666
-0.2948920726776123
-0.36060819029808044
0.0965518206357956
-0.2318013310432434
0.0018898459384217858
-0.0027711193542927504
0.0346251018345356
0.03351829946041107
-0.2352018505334854
0.09140798449516296
0.8154818415641785
-0.24702571332454681
-0.027448782697319984
-0.12435909360647202
0.03683311492204666
-0.02636358141899109
0.39814597368240356
0.45832112431526184
0.35819217562675476
-0.29710593819618225
-0.5950941443443298
0.07237689942121506
-0.3265295922756195
0.03545081987977028
-0.057806942611932755
0.0017265399219468236
-0.009631939232349396
-0.09334947913885117
0.24367155134677887
-0.1673896312713623
0.21266138553619385
-0.13415305316448212
0.31032902002334595
0.15008436143398285
0.1152903363108635
-0.42014914751052856
-0.2003013789653778
0.22523288428783417
0.09148779511451721
0.12894247472286224
-0.12551172077655792
0.03764970228075981
0.24702778458595276
-0.2803743779659271
0.1625632345676422
0.04128522798418999
0.0005742368521168828
-0.006822611205279827
0.038078878074884415
-0.02676953189074993
0.10128385573625565
0.04136017709970474
-0.24376143515110016
0.06122654303908348
0.18768392503261566
-0.14367574453353882
-0.15288019180297852
-0.18020494282245636
0.30286532640457153
0.147887721657753
-0.15986061096191406
0.017369674518704414
-0.10010609030723572
0.05316783860325813
-0.26445409655570984
0.08008679747581482
-0.2181749790906906
0.4278232455253601
0.20206797122955322
0.1892503798007965
0.12955352663993835
0.1944456845521927
0.2422441840171814
-0.20028863847255707
-0.04523150250315666
-0.2680042088031769
-0.0824519544839859
-0.3596375584602356
-0.4148159325122833
0.10146121680736542
-0.22152121365070343
-0.05417157709598541
-0.08565126359462738
-0.2673720419406891
0.03615029528737068
0.04151047021150589
-0.09540007263422012
0.26567909121513367
0.09814498573541641
-0.4057738482952118
0.02791156806051731
0.11341224610805511
-0.03798922151327133
0.37136128544807434
0.13381333649158478
0.26129788160324097
-0.10551802814006805
0.19381608068943024
-0.016813142225146294
0.181265190243721
-0.14327244460582733
0.09332770854234695
0.16885502636432648
-0.26867520809173584
0.005310037173330784
0.03593389317393303
0.14011573791503906
-0.021637529134750366
-0.025880195200443268
0.07503332942724228
-0.1692914515733719
-0.008344941772520542
0.10909534990787506
-0.18098291754722595
0.11083411425352097
-0.16258250176906586
0.011682110838592052
-0.07900878041982651
-0.20626476407051086
0.4935480058193207
0.2453324943780899
0.235361710190773
0.34599998593330383
-0.509985625743866
0.010303386487066746
0.1222992092370987
0.14776396751403809
0.21165834367275238
0.08139357715845108
-0.2827208340167999
0.2958872616291046
-0.2862112522125244
-0.08583664894104004
0.12726107239723206
0.21989640593528748
0.08661026507616043
-0.056207671761512756
-0.06418298929929733
-0.19682461023330688
0.11306813359260559
-0.13303211331367493
-0.07365613430738449
-0.5607419013977051
0.12155419588088989
0.026172509416937828
0.01907454989850521
0.015712305903434753
-0.18918773531913757
0.19538480043411255
0.1405947357416153
0.3553410768508911
-0.11411552876234055
0.3096691370010376
0.17628955841064453
-0.1398628056049347
-0.048872243613004684
-0.2473648190498352
-0.23181480169296265
0.18623070418834686
-0.008338823914527893
0.39359989762306213
-0.08630762249231339
-0.09644180536270142
0.12592463195323944
0.32939228415489197
-0.07036613672971725
0.1528632789850235
-0.33855170011520386
-0.25930291414260864
0.047981202602386475
-0.34982967376708984
-0.05025327578186989
-0.06089014187455177
0.3951466381549835
-0.12356884032487869
0.34862837195396423
0.05924836918711662
0.33960825204849243
-0.10715792328119278
0.16231690347194672
-0.09604065120220184
-0.034712325781583786
-0.30854532122612
-0.16355940699577332
-0.10259975492954254
-0.29975426197052
-0.2339223474264145
-0.01815703883767128
0.4839712381362915
0.11148355156183243
-0.03417636454105377
0.10021210461854935
0.3307713270187378
0.17048165202140808
-0.0890924260020256
-0.47607114911079407
0.22119826078414917
-0.03035469725728035
0.22574281692504883
-0.008417148143053055
0.06560681015253067
0.24719204008579254
0.25648778676986694
-0.19350571930408478
0.3625514805316925
-0.2027156502008438
-0.007040116935968399
-0.0619564950466156
0.04934372380375862
0.37333419919013977
0.3393104672431946
-0.4141216278076172
0.09719767421483994
0.06528221815824509
-0.05227794125676155
-0.0035099738743156195
0.02065831795334816
0.09554112702608109
-0.43985944986343384
0.17741331458091736
-0.22302940487861633
0.1841043382883072
-0.06742458045482635
0.1276845782995224
0.16387122869491577
0.38078969717025757
-0.2693173885345459
-0.13937854766845703
0.04254886507987976
0.5797021985054016
-0.3320331573486328
0.49723130464553833
-0.016222622245550156
0.042147669941186905
-0.28904399275779724
-0.4093940258026123
-0.018813708797097206
0.08211041986942291
-0.27791979908943176
0.14945268630981445
-0.22223041951656342
0.3693467676639557
0.028747493401169777
0.32097989320755005
-0.11863773316144943
-0.137054443359375
-0.038656819611787796
-0.13477282226085663
-0.0354117676615715
-0.21511252224445343
-0.34847989678382874
0.1005963385105133
-0.3430898189544678
-0.2600630223751068
-0.4197072982788086
0.24847151339054108
-0.05983690544962883
0.11752390116453171
0.08661658316850662
0.31920552253723145
0.00625427532941103
0.06355301290750504
0.024144794791936874
-0.22208769619464874
0.20498858392238617
-0.06788553297519684
-0.20659686625003815
0.2729494273662567
-0.35140642523765564
0.25120994448661804
0.34527912735939026
0.08097287267446518
0.4537368416786194
-0.5413261651992798
0.009816196747124195
0.18396301567554474
-0.1913549154996872
0.24808156490325928
0.06402163952589035
0.09281286597251892
-0.06755638122558594
-0.07490582019090652
0.011460655368864536
0.03197963908314705
-0.12096317112445831
-0.24835363030433655
-0.1360924392938614
-0.044166624546051025
0.06958384811878204
0.022253654897212982
-0.13152086734771729
0.2677612006664276
0.020625147968530655
0.16486868262290955
-0.02482588402926922
0.45684683322906494
0.015538868494331837
0.05683331564068794
-0.2388100028038025
0.43329060077667236
-0.04419468343257904
-0.34576621651649475
0.07729990780353546
-0.14159774780273438
-0.13500547409057617
-0.2819834053516388
-0.2498573213815689
0.12564224004745483
-0.2400542050600052
0.07239967584609985
0.4459398090839386
0.03416556492447853
0.12934145331382751
0.44530975818634033
-0.4032494127750397
-0.2574298679828644
0.19785574078559875
0.3198138475418091
0.06917819380760193
-0.03034898079931736
-0.29747623205184937
0.2808830142021179
0.12215398997068405
0.15324366092681885
-0.29144391417503357
-0.12260477989912033
-0.23079967498779297
0.38484111428260803
0.22837035357952118
-0.4584718346595764
0.33298781514167786
0.036546740680933
-0.12720930576324463
0.09173590689897537
-0.1522262543439865
-0.21765653789043427
0.13641665875911713
0.3571060597896576
0.011521849781274796
-0.04265446588397026
-0.17256322503089905
-0.4592134654521942
0.19541296362876892
-0.2732795476913452
0.1140999048948288
-0.2366473525762558
-0.0112394317984581
-0.24115018546581268
-0.17826567590236664
-0.5227436423301697
-0.15420350432395935
-0.07997960597276688
-0.251289427280426
0.38410839438438416
0.4372272789478302
0.11259859055280685
-0.2039419263601303
0.2454477697610855
-0.11757294833660126
-0.361478716135025
-0.05296410620212555
0.17080017924308777
-0.08650805056095123
-0.18667776882648468
0.26842981576919556
-0.07323969155550003
-0.09988762438297272
-0.02335897460579872
-0.07268374413251877
-0.13278914988040924
-0.08607000857591629
-0.09721262753009796
-0.12102635204792023
-0.17472895979881287
-0.24958129227161407
0.14351622760295868
0.057813286781311035
0.06255193799734116
-0.37076592445373535
0.03527543321251869
-0.19984517991542816
-0.0073722717352211475
0.08961458504199982
0.2643839120864868
0.4917340874671936
0.2624199390411377
-0.03829803690314293
-0.11605288833379745
0.2979210615158081
0.04922200366854668
-0.06948339194059372
0.4461232125759125
-0.12579691410064697
-0.15389743447303772
0.01791759580373764
0.18088804185390472
0.25807151198387146
0.035028476268053055
-0.13430234789848328
-0.09611719101667404
-0.3802487254142761
0.08541738986968994
-0.6075196266174316
0.24281424283981323
-0.3100462257862091
-0.163150817155838
-0.05538829788565636
0.1723165512084961
0.018472425639629364
-0.25959572196006775
-0.23657488822937012
0.027599792927503586
-0.14565089344978333
0.20910726487636566
0.11550161242485046
-0.06549813598394394
0.02855219505727291
0.09528861939907074
0.15982939302921295
0.02249198779463768
0.14063410460948944
0.011168018914759159
0.4974619448184967
-0.37687674164772034
0.16524021327495575
0.017662862315773964
0.20034128427505493
0.0743919163942337
0.24016332626342773
0.13668720424175262
0.277128130197525
-0.11483420431613922
0.09570401161909103
-0.2803516387939453
0.19007520377635956
0.31267985701560974
0.036524031311273575
0.07673337310552597
-0.32937443256378174
0.03535047918558121
-0.2028198093175888
0.26966094970703125
-0.14524169266223907
0.1028028279542923
0.13768674433231354
0.15099407732486725
-0.2908543348312378
0.4551064372062683
-0.07042459398508072
-0.27054062485694885
-0.01091014500707388
0.03965849429368973
-0.1693657636642456
-0.19573742151260376
0.22172804176807404
-0.3801177442073822
0.04056181758642197
0.17786982655525208
-0.1776839643716812
0.059755127876996994
0.04546164348721504
0.06672081351280212
-0.27519702911376953
0.02185516618192196
-0.2828539311885834
-0.06052045151591301
-0.023163195699453354
0.036912836134433746
-0.47052425146102905
0.09674662351608276
0.15065249800682068
0.1621505469083786
-0.0012555872090160847
-0.14207515120506287
0.10840018838644028
-0.07248924672603607
0.20108932256698608
0.1873614639043808
-0.12450036406517029
0.39371395111083984
-0.1179119274020195
-0.06954904645681381
0.3317106068134308
-0.010954484343528748
-0.27653267979621887
-0.3024483621120453
-0.005078614689409733
0.5169841647148132
-0.24059045314788818
-0.024221468716859818
-0.0421714223921299
-0.20823632180690765
0.13591022789478302
-0.09728021174669266
-0.11666382849216461
-0.04247276112437248
-0.19455337524414062
0.05642687529325485
0.2678666114807129
0.05750458315014839
-0.12288126349449158
-0.04718921706080437
0.32940423488616943
-0.11312507838010788
0.06870254874229431
0.04809663072228432
-0.11624334752559662
-0.25565725564956665
0.30120551586151123
0.17496344447135925
-0.1453089863061905
-0.4855036437511444
-0.24027016758918762
-0.26168176531791687
0.13511647284030914
0.10442492365837097
0.33074361085891724
-0.3746245801448822
-0.19201655685901642
-0.3808547258377075
0.11257825046777725
0.14410832524299622
0.06835078448057175
-0.14909610152244568
0.05524372309446335
-0.27652883529663086
-0.22462117671966553
-0.3172900676727295
-0.0902329832315445
-0.019907141104340553
0.3360706865787506
0.24385055899620056
-0.3275793790817261
0.06794165819883347
-0.17144916951656342
0.2688031792640686
-0.1803165227174759
0.029752999544143677
0.12026377022266388
0.04391171783208847
-0.02428789809346199
0.02474706619977951
0.09320882707834244
-0.2632909417152405
0.31019386649131775
0.07733438163995743
-0.2816371023654938
0.04443102329969406
0.1665230244398117
0.25559499859809875
-0.0892028659582138
0.0447634682059288
0.10090536624193192
0.10735580325126648
-0.3535432815551758
-0.14797255396842957
0.4926697611808777
-0.20058970153331757
-0.05247221514582634
0.23906263709068298
0.2982482314109802
0.04179249703884125
0.08756326138973236
-0.41414809226989746
0.04028046876192093
0.09167475253343582
-0.16099826991558075
-0.0257564689964056
0.14215651154518127
0.23656775057315826
0.08693011105060577
-0.3934450149536133
-0.26869550347328186
-0.2930602431297302
0.25885364413261414
0.20155683159828186
0.009425189346075058
-0.09655817598104477
-0.130425363779068
-0.28564271330833435
-0.2342478483915329
-0.29811689257621765
0.27212250232696533
-0.14606623351573944
0.03910709172487259
-0.2572426199913025
-0.06999222934246063
-0.13483846187591553
-0.07217443734407425
0.007956936955451965
0.22012534737586975
-0.07837007194757462
0.25496435165405273
-0.28507378697395325
0.34674757719039917
0.08002960681915283
0.2951509356498718
-0.2895774245262146
0.0029013531748205423
-0.18240848183631897
0.3121151030063629
0.25745657086372375
0.4840988218784332
-0.022429021075367928
-0.1193898543715477
-0.04754215106368065
-0.09179911762475967
-0.313241183757782
0.22417519986629486
0.33924639225006104
0.2249225229024887
0.10435602068901062
-0.15709921717643738
-0.09937871992588043
-0.15180227160453796
0.06768587231636047
0.2812764346599579
0.001575750415213406
-0.3461970388889313
-0.14289166033267975
0.2530117630958557
0.3257319927215576
-0.11707891523838043
0.20890863239765167
-0.10359156876802444
0.33211520314216614
-0.027162393555045128
0.21688932180404663
-0.38087448477745056
0.2809951603412628
-0.48948153853416443
0.17868787050247192
0.011804549023509026
-0.11701488494873047
0.23639588057994843
-0.04424202814698219
0.25796881318092346
-0.17455579340457916
0.16009379923343658
-0.4167821705341339
0.18713653087615967
-0.06800959259271622
0.1988186538219452
0.07945211976766586
-0.1421784609556198
-0.13762564957141876
-0.0890662893652916
0.06192070245742798
0.13054893910884857
0.08633815497159958
-0.020595554262399673
-0.044057805091142654
0.13237300515174866
0.2716410756111145
0.02119518257677555
-0.11019515991210938
-0.31670376658439636
0.03550847992300987
0.1792549192905426
0.14358703792095184
-0.08133237808942795
-0.21272175014019012
-0.14006821811199188
-0.07270652055740356
0.37084150314331055
0.005332052242010832
0.17837102711200714
-0.054082415997982025
0.10695745795965195
-0.029987867921590805
-0.010616496205329895
0.41202080249786377
-0.20716294646263123
0.2058807611465454
0.03264922648668289
0.5145291090011597
0.16803444921970367
0.026764996349811554
-0.009783130139112473
-0.030913284048438072
0.16363462805747986
-0.030062036588788033
-0.21898673474788666
0.17860256135463715
-0.03572838753461838
0.17625439167022705
-0.11686490476131439
0.28078001737594604
-0.16879092156887054
-0.049528785049915314
0.012380065396428108
0.2697239816188812
0.01311799231916666
-0.3073277473449707
0.11856016516685486
0.09696527570486069
0.12435564398765564
-0.33001381158828735
0.09012452512979507
0.376202791929245
-0.050819505006074905
0.2994510531425476
0.20544388890266418
-0.10230094939470291
0.17821073532104492
-0.13227398693561554
0.0047338311560451984
-0.06956656277179718
0.2818029820919037
-0.08580990135669708
-0.047325823456048965
0.3164772391319275
-0.1332104355096817
0.13752500712871552
-0.05953270196914673
0.41481348872184753
-0.02597135864198208
0.09043830633163452
-0.12375882267951965
-0.07417682558298111
-0.2665230631828308
-0.23002395033836365
-0.16936169564723969
0.19728568196296692
0.28157150745391846
-0.2070559710264206
0.009370381943881512
-0.11309853941202164
-0.27910923957824707
0.1431293934583664
0.1298026293516159
-0.4594012200832367
-0.16821561753749847
-0.4336138367652893
-0.14821848273277283
-0.38731902837753296
0.047996800392866135
0.007366935722529888
-0.47150957584381104
0.05222846567630768
0.335527628660202
0.4567582905292511
0.09141992032527924
0.0059354533441364765
-0.10402523726224899
-0.04291288182139397
0.00869979802519083
-0.19757147133350372
0.08537526428699493
0.13207775354385376
-0.032756507396698
-0.2270049750804901
-0.14551258087158203
-0.09232155978679657
-0.1596977710723877
-0.01983192376792431
-0.7004545331001282
0.49782419204711914
0.05377589538693428
-0.06415780633687973
0.20605319738388062
-0.35485202074050903
-0.46952366828918457
0.0760718435049057
-0.158493310213089
-0.04441278800368309
-0.038086723536252975
0.04610728099942207
0.007425691466778517
-0.05410962924361229
-0.1347479522228241
0.43489766120910645
0.06882180273532867
0.3081090748310089
0.3629445731639862
-0.08235841244459152
0.32127127051353455
-0.029755638912320137
0.10378437489271164
-0.27404049038887024
-0.29784315824508667
0.16997145116329193
-0.06861133873462677
-0.028773313388228416
0.3222256898880005
0.16592177748680115
-0.12288302928209305
-0.2620459794998169
0.327647864818573
0.1621752679347992
0.16056714951992035
-0.4260832667350769
0.15243257582187653
0.15126624703407288
0.1066417545080185
-0.00828761886805296
0.2422008365392685
0.1609586775302887
-0.49416738748550415
-0.2911759912967682
-0.06378371268510818
-0.022928511723876
0.13254253566265106
-0.0036818613298237324
0.02387007139623165
0.43984323740005493
0.40357694029808044
-0.276262491941452
0.04923908784985542
-0.25300586223602295
-0.22069436311721802
-0.15000291168689728
0.2849949598312378
-0.13576437532901764
0.10956685990095139
-0.3834781050682068
-0.1837904304265976
-0.19642317295074463
-0.3279961347579956
-0.1364465057849884
0.38723164796829224
0.12041901797056198
-0.11388391256332397
-0.07215261459350586
0.11878851056098938
0.016032148152589798
0.08225695788860321
-0.12471693009138107
-0.029269222170114517
0.1375947892665863
-0.0977335125207901
-0.20316724479198456
0.175392746925354
0.032738711684942245
0.002916326280683279
0.1882602870464325
0.08629611134529114
0.337256520986557
-0.1473006159067154
0.1647094339132309
0.1248311921954155
-0.24198122322559357
-0.05362629145383835
0.10846497863531113
0.24869464337825775
-0.0021049052011221647
-0.19182202219963074
-0.3150393068790436
0.11461693048477173
-0.41095268726348877
-0.3513391613960266
-0.08992862701416016
-0.15028028190135956
-0.4351533055305481
0.12059538066387177
0.02373550273478031
-0.04961651563644409
-0.1531524956226349
0.28850334882736206
-0.02525976113975048
0.05425146594643593
-0.11332965642213821
0.005104134324938059
0.2696119248867035
-0.2834584414958954
0.054589852690696716
0.22569169104099274
-0.18183712661266327
0.0006124296342022717
-0.06482699513435364
0.28348100185394287
0.07979989796876907
-0.00787420105189085
-0.2175302952528
0.14868924021720886
0.15637102723121643
-0.03338325023651123
-0.17676103115081787
-0.07708605378866196
-0.0014916756190359592
-0.14947067201137543
0.5806230902671814
-0.06606651097536087
-0.4641430079936981
0.20088450610637665
0.4446481168270111
-0.15326987206935883
-0.09102264791727066
-0.2494346797466278
0.2720918357372284
-0.24019932746887207
-0.08699236810207367
-0.42634209990501404
0.045715413987636566
-0.1342403143644333
-0.009459654800593853
-0.18811936676502228
0.1486646831035614
-0.08883318305015564
-0.17001992464065552
0.03706518933176994
-0.13840949535369873
-0.33786436915397644
-0.1973804533481598
0.3027913570404053
0.11519989371299744
-0.0016051589045673609
-0.20978298783302307
-0.0842347964644432
0.0074429744854569435
0.13588497042655945
-0.08810076862573624
0.46170905232429504
-0.10771112143993378
0.17105159163475037
-0.008301489055156708
0.13327541947364807
0.11454992741346359
0.32332509756088257
0.04912659153342247
-0.12083151936531067
-0.3278440535068512
-0.19369205832481384
0.22853755950927734
-0.3311968147754669
-0.3045763075351715
-0.09576604515314102
0.05333041399717331
0.29427632689476013
0.1899198442697525
0.1710694581270218
0.24089622497558594
-0.24346831440925598
0.10653327405452728
0.2245137095451355
-0.14404724538326263
0.29158899188041687
-0.08881063014268875
-0.40860477089881897
-0.5577629208564758
0.2273239940404892
0.2223665863275528
0.37444666028022766
0.07591573148965836
-0.1931580752134323
0.4558647871017456
-0.06482203304767609
-0.1996360719203949
0.013489003293216228
-0.1828179657459259
-0.09142982214689255
0.040963899344205856
0.013404893688857555
-0.17427949607372284
-0.14597153663635254
0.19089964032173157
0.06456571072340012
-0.08164389431476593
-0.1394597589969635
-0.038382336497306824
0.030602918937802315
-0.19472995400428772
-0.19792085886001587
0.017345108091831207
0.07682424783706665
0.011867146007716656
0.32381749153137207
0.14384478330612183
0.14048516750335693
0.3705501854419708
-0.2313568890094757
-0.02964034490287304
0.02399371936917305
-0.13372951745986938
0.2827051281929016
-0.0183168426156044
-0.2017679512500763
0.17225247621536255
0.02014315314590931
-0.04105618596076965
-0.46323686838150024
-0.1537279486656189
0.08556406944990158
-0.2568407356739044
-0.16124227643013
-0.5014470815658569
0.0977201834321022
0.1310826987028122
-0.03039407916367054
-0.25322258472442627
4.670912858273368e-06
0.10295072197914124
0.4973715841770172
0.10491564869880676
0.1639220118522644
-0.0820312350988388
-0.07588109374046326
-0.07762958854436874
0.12797008454799652
-0.18642666935920715
0.1490703523159027
-0.04772672429680824
0.25007352232933044
0.1862625628709793
0.10395614057779312
-0.042343344539403915
0.033370491117239
0.04061336815357208
-0.351315438747406
0.1923471838235855
0.10855764150619507
-0.09757691621780396
0.01730016991496086
0.04512923210859299
-0.40981414914131165
-0.0038975358474999666
0.03628407418727875
0.06035275757312775
-0.09968167543411255
0.36692923307418823
0.045285120606422424
0.10075557976961136
0.3490578234195709
-0.2992386817932129
-0.12566620111465454
-0.2998689115047455
0.19036199152469635
0.22871887683868408
0.262153685092926
-0.172252357006073
-0.21898266673088074
0.13859602808952332
-0.13673128187656403
-0.06336596608161926
0.1043749749660492
0.22238251566886902
-0.24973483383655548
-0.012079783715307713
-0.16085395216941833
0.10367987304925919
0.2547483444213867
-0.011068969964981079
0.2666080892086029
-0.04729217663407326
-0.19705262780189514
0.462119996547699
-0.36927685141563416
0.07353757321834564
-0.2479136884212494
-0.10845763236284256
0.09534398466348648
-0.1943981796503067
-0.13826356828212738
-0.17322880029678345
-0.17203468084335327
-0.0428294911980629
-0.19790393114089966
0.10552575439214706
0.034004099667072296
0.4654335677623749
0.040703773498535156
0.2534637451171875
0.3432466387748718
0.0011475039646029472
-0.09333524852991104
-0.09928998351097107
-0.02914854697883129
0.07521030306816101
0.11514738202095032
0.26467111706733704
0.020503945648670197
0.12151932716369629
0.27256134152412415
0.3171064853668213
-0.18609239161014557
0.2362147569656372
0.17065086960792542
0.14837685227394104
0.3179495632648468
-0.02345290221273899
0.28374549746513367
0.1477254331111908
0.17342883348464966
0.010549308732151985
-0.38263845443725586
-0.08996434509754181
-0.14719019830226898
0.24359789490699768
-0.12070909142494202
-0.28880372643470764
0.07375965267419815
0.07303830981254578
-0.3476715385913849
0.030317451804876328
-0.14894726872444153
-0.08043913543224335
0.10242379456758499
0.08778924494981766
0.025233207270503044
-0.08663548529148102
-0.018359532579779625
0.23394061625003815
-0.13958640396595
-0.10854288190603256
-0.21454371511936188
0.05681498348712921
0.2405378818511963
-0.13797219097614288
-0.36960864067077637
-0.10949211567640305
0.005894195754081011
-0.2807021141052246
0.2843632698059082
0.014138179831206799
-0.20400597155094147
-0.085031658411026
0.0412011444568634
0.47104641795158386
0.02024633064866066
0.21107281744480133
-0.22189122438430786
-0.48977795243263245
-0.09473299235105515
-0.10138916969299316
0.024418994784355164
-0.10162323713302612
0.20977522432804108
0.08969906717538834
-0.1138003021478653
0.36404865980148315
0.008700443431735039
-0.03881697356700897
-0.3783068060874939
-0.2461318075656891
-0.48023465275764465
0.25573742389678955
-0.08907261490821838
0.09554348886013031
-0.020143823698163033
0.14484314620494843
-0.040221985429525375
0.11445106565952301
0.24880890548229218
-0.04382048919796944
-0.28217822313308716
0.3457058370113373
-0.050365205854177475
-0.0011874571209773421
0.12045831233263016
0.006918609607964754
-0.33190828561782837
0.07870659232139587
-0.05496864393353462
-0.028314758092164993
0.09625813364982605
0.19428835809230804
-0.39426368474960327
0.037427954375743866
-0.117347352206707
0.016961313784122467
-0.11837223172187805
-0.15617278218269348
-0.13903012871742249
0.09588921070098877
-0.14767153561115265
0.008336592465639114
-0.034701406955718994
0.10636252909898758
0.3677140474319458
-0.04691457375884056
-0.05290490388870239
-0.17570626735687256
0.04837603494524956
-0.027730168774724007
-0.08259409666061401
0.37217044830322266
-0.23071397840976715
-0.18870960175991058
-0.2485063523054123
-0.18401139974594116
0.0035601540002971888
-0.017236238345503807
-0.46413370966911316
0.35030505061149597
-0.09457221627235413
-0.11358809471130371
0.18675921857357025
-0.05012160912156105
0.15702742338180542
-0.030068203806877136
0.1071617528796196
-0.18504640460014343
-0.31091704964637756
0.22324419021606445
-0.31360241770744324
0.22619250416755676
-0.2608950138092041
-0.37336719036102295
-0.3422330617904663
-0.5642798542976379
0.12530913949012756
-0.10771111398935318
0.032471347600221634
0.1866457760334015
0.1250467598438263
-0.009390081278979778
0.03050277568399906
-0.1287085860967636
-0.010514742694795132
-0.4752890467643738
0.006339940242469311
-0.2067519873380661
0.23514097929000854
0.32212287187576294
0.0014992450596764684
0.12786810100078583
-0.34759703278541565
0.03152821585536003
0.4914796054363251
0.13416941463947296
-0.02905319444835186
0.1913510113954544
0.23063653707504272
0.1976325511932373
-0.023202622309327126
0.14919161796569824
-0.15116800367832184
0.037235867232084274
-0.3984184265136719
0.22874221205711365
-0.017004355788230896
0.024763792753219604
-0.15610873699188232
0.03796851262450218
-0.09957814961671829
0.4645663797855377
-0.10232188552618027
0.15040838718414307
-0.16843271255493164
-0.003945154137909412
0.2151370793581009
0.2178644835948944
0.19182080030441284
0.07405225932598114
-0.31267255544662476
0.06439203023910522
-0.04667554795742035
0.055374640971422195
-0.11318867653608322
-0.1433648318052292
-0.2622285783290863
0.5020323395729065
0.18716518580913544
0.2648390531539917
0.12563921511173248
-0.24521319568157196
-0.031467948108911514
0.2990652620792389
0.2714431583881378
0.05625251308083534
0.16331084072589874
-0.1398051679134369
0.1344202160835266
0.06954354792833328
0.06577952951192856
-0.1589360386133194
0.016977952793240547
-0.17015515267848969
-0.0506744310259819
0.11193180084228516
-0.07814797013998032
-0.11849122494459152
0.1596967875957489
-0.04703864827752113
-0.07073457539081573
-0.12112656235694885
-0.11505095660686493
-0.14027704298496246
-0.18759240210056305
-0.013118576258420944
-0.04440334439277649
0.17021888494491577
0.21512295305728912
-0.005114530213177204
0.17267024517059326
-0.05963988974690437
-0.08815504610538483
-0.09087276458740234
0.05835172161459923
-0.16359177231788635
0.246329665184021
0.18951839208602905
-0.06296569108963013
-0.21370433270931244
0.16808094084262848
-0.23282496631145477
-0.2969812750816345
0.14295150339603424
-0.022524358704686165
0.21342071890830994
0.11398063600063324
-0.3302159607410431
-0.5412993431091309
-0.14446109533309937
0.017409468069672585
-0.10615719854831696
-0.09690636396408081
0.3702261447906494
0.11393130570650101
0.14361687004566193
-0.08782883733510971
0.008905071765184402
-0.12011007219552994
0.13896559178829193
-0.16543753445148468
0.06750892102718353
0.29777199029922485
-0.08012419939041138
-0.39187633991241455
0.19894857704639435
-0.16682779788970947
-0.10720182210206985
-0.1536964625120163
-0.25657179951667786
-0.01824057102203369
-0.23966598510742188
0.12516549229621887
-0.01694553531706333
0.34088823199272156
-0.049968380481004715
-0.32070010900497437
-0.19545023143291473
0.0391845740377903
0.06881828606128693
-0.12031795084476471
-0.06522535532712936
0.08241596072912216
0.2176232635974884
-0.35613882541656494
-0.17236293852329254
-0.01585010252892971
-0.01716490648686886
-0.3364923894405365
-0.5490483641624451
-0.35705333948135376
-0.09975916892290115
0.06909218430519104
0.04326217249035835
-0.09347233921289444
0.026380326598882675
-0.044007107615470886
-0.28208985924720764
0.04422292858362198
-0.07979223132133484
0.06666276603937149
-0.41534659266471863
-0.17773915827274323
-0.183512344956398
0.14105075597763062
0.41682398319244385
0.0715067908167839
-0.19479650259017944
0.1579422950744629
0.1470477432012558
0.07501865178346634
0.030731037259101868
-0.04957225173711777
0.02195168100297451
0.16375742852687836
0.07335346192121506
0.0585206039249897
0.24622169137001038
0.18799136579036713
0.2189076989889145
-0.09161140024662018
-0.22229322791099548
-0.16116000711917877
0.05259033292531967
0.12520647048950195
-0.0895024761557579
-0.03854723647236824
0.029697639867663383
-0.20307999849319458
0.16621409356594086
0.11289144307374954
0.39876818656921387
0.2682652175426483
-0.09424539655447006
-0.1284925639629364
0.042346637696027756
-0.49826472997665405
-0.3625573515892029
0.031232934445142746
0.010587198659777641
0.19688233733177185
-0.04263278841972351
0.13697277009487152
-0.15960793197155
-0.0156001141294837
0.13494721055030823
0.16168458759784698
0.05044485256075859
-0.05901433899998665
-0.6615577936172485
-0.04125748947262764
-0.5534526109695435
0.00041892824810929596
0.35949990153312683
-0.07805801928043365
0.004483953583985567
0.1513270139694214
0.08360164612531662
0.017548730596899986
0.20605646073818207
-0.13766944408416748
-0.006610346958041191
0.2693317234516144
0.29215750098228455
-0.09948287159204483
-0.18362212181091309
0.03498318791389465
-0.339544415473938
0.1909020096063614
-0.017451904714107513
0.09947036951780319
0.08878801763057709
0.169508159160614
-0.23644444346427917
0.011217718943953514
0.1108560636639595
-0.01570054516196251
0.36846521496772766
0.6626807451248169
-0.2844644784927368
0.15702256560325623
-0.06783188879489899
-0.17485615611076355
-0.12943294644355774
-0.07054512202739716
-0.07187554240226746
-0.2082507163286209
-0.3124881386756897
0.15231089293956757
-0.044838134199380875
0.12707853317260742
0.1975903958082199
0.040606606751680374
-0.04766467958688736
-0.08801256120204926
0.020818693563342094
0.010361835360527039
0.2755265533924103
-0.16003915667533875
-0.30744996666908264
0.009943661279976368
0.34846141934394836
0.1299850046634674
-0.27956950664520264
-0.15088672935962677
0.21236689388751984
0.15146613121032715
-0.0946902483701706
0.06662212312221527
-0.023692354559898376
0.1966988444328308
-0.14171703159809113
-0.48197969794273376
-0.08902173489332199
0.11094298958778381
-0.3080764710903168
0.04503418505191803
-0.3481070399284363
-0.11416475474834442
-0.42637917399406433
0.2460339218378067
-0.13763299584388733
-0.46778401732444763
-0.14898842573165894
-0.35917147994041443
0.2931888699531555
0.11779576539993286
0.1556243747472763
0.27573391795158386
0.004174950532615185
-0.28148743510246277
-0.22642403841018677
0.3661048412322998
0.18514490127563477
-0.2643774449825287
0.07745140790939331
0.41166967153549194
0.21012604236602783
0.3012014329433441
0.14633087813854218
0.3347979187965393
0.041876617819070816
0.207106813788414
0.17768411338329315
0.0010878413449972868
0.0727633461356163
0.06815879046916962
-0.3336796760559082
-0.16032756865024567
0.013804115355014801
-0.3505822718143463
-0.07972773909568787
-0.01985817402601242
0.11514656245708466
0.125699982047081
-0.30389970541000366
-0.22603219747543335
-0.06437355279922485
-0.26277244091033936
-0.0028439632151275873
0.10257342457771301
0.05224895104765892
0.2999350428581238
0.3766711950302124
0.08193247020244598
-0.2787855267524719
0.3301863670349121
-0.26661160588264465
0.053078655153512955
0.047563109546899796
0.02831200323998928
0.001878425246104598
0.06115797534584999
0.27504679560661316
0.056057363748550415
0.23662297427654266
-0.0572538822889328
0.13377618789672852
0.03862956538796425
-0.253389835357666
0.21629050374031067
-0.026838550344109535
0.21828784048557281
-0.22842638194561005
-0.12526999413967133
-0.14179842174053192
0.2761535048484802
-0.1786734014749527
0.05735693499445915
0.004666416440159082
0.19463445246219635
0.007242003455758095
-0.4586910903453827
0.20219686627388
-0.021958088502287865
0.09583161771297455
-0.1260014921426773
-0.04943118616938591
-0.34218671917915344
0.30414995551109314
-0.02755158580839634
-0.3398226797580719
0.12287541478872299
-0.07795722037553787
0.15216746926307678
0.3560676574707031
0.0503702275454998
0.021592168137431145
0.06490589678287506
0.2395324558019638
-0.3996994197368622
-0.26439398527145386
0.1662171483039856
0.17887169122695923
-0.21146360039710999
0.1356235295534134
-0.1766597032546997
0.041232943534851074
0.45545586943626404
0.09331241995096207
0.006204727105796337
0.25571632385253906
0.3228660523891449
-0.028681352734565735
0.06859015673398972
-0.1431274116039276
0.32320737838745117
0.2823978662490845
0.08392325043678284
-0.6465951800346375
-0.31679967045783997
-0.011249084956943989
-0.0894157737493515
0.016303380951285362
0.43092307448387146
0.189736470580101
0.16307587921619415
-0.28415030241012573
0.32928594946861267
0.3412415683269501
0.040005311369895935
-0.21113070845603943
0.15469878911972046
0.1383340209722519
-0.03840455785393715
0.04795369878411293
-0.09176256507635117
-0.061062637716531754
-0.40023231506347656
0.21178090572357178
-0.3738214373588562
-0.06258684396743774
0.1584957093000412
0.18329495191574097
-0.029726486653089523
-0.08481620997190475
-0.24008744955062866
-0.07487130165100098
0.1777857542037964
0.07897676527500153
-0.05072316527366638
-0.04787832498550415
0.2981950640678406
0.37070608139038086
-0.11708751320838928
-0.20560862123966217
-0.010294987820088863
-0.057402413338422775
-0.22628390789031982
0.2694719135761261
-0.06197146698832512
0.08170116692781448
-0.06851516664028168
-0.07995862513780594
-0.10019760578870773
0.06571212410926819
0.09082826972007751
-0.3673645853996277
0.35122665762901306
-0.27818793058395386
-0.19434607028961182
0.01770363748073578
-0.05326554924249649
-0.057190265506505966
-0.10193128138780594
-0.12000318616628647
-0.15255627036094666
0.2589450180530548
-0.17758126556873322
-0.35575032234191895
0.3302006721496582
0.013851292431354523
-0.27636152505874634
-0.2960297763347626
0.03150080144405365
0.14725974202156067
0.31502747535705566
0.29034072160720825
0.07744116336107254
-0.026903625577688217
-0.3628496527671814
0.06468655914068222
0.24791386723518372
0.08270301669836044
0.23583388328552246
-0.34972652792930603
-0.3130570948123932
0.018071690574288368
0.029646271839737892
0.09089522063732147
-0.028140103444457054
0.32933640480041504
-0.05580399930477142
0.07637980580329895
-0.128139466047287
0.3654162287712097
-0.029691804200410843
-0.14946728944778442
-0.16551098227500916
0.04328305274248123
0.4114578068256378
0.24066226184368134
-0.36314624547958374
-0.006985030137002468
0.2572585940361023
0.2774014174938202
-0.1163424402475357
0.22694015502929688
-0.08518098294734955
-0.3428359627723694
-0.12527112662792206
-0.24964182078838348
-0.25619420409202576
-0.12028328329324722
-0.08794775605201721
0.2819143831729889
-0.06595201045274734
0.4262707233428955
-0.0024218170437961817
0.13239826261997223
-0.05880625173449516
0.4480816125869751
-0.1699196696281433
0.2687207758426666
-0.46771201491355896
-0.1058015301823616
0.10904888063669205
-0.03322509676218033
0.013686303049325943
0.19430992007255554
-0.32264238595962524
0.5000146627426147
-0.11882947385311127
-0.11261799186468124
0.05982223525643349
0.028473900631070137
-0.06052752211689949
-0.05786329135298729
0.15005944669246674
0.11289036273956299
-0.21582984924316406
0.07425576448440552
-0.08663088083267212
-0.38818278908729553
0.12634782493114471
-0.2143201380968094
0.21713969111442566
0.2021937370300293
-0.36399129033088684
-0.09764255583286285
0.09879880398511887
0.0019713202491402626
-0.4734582304954529
0.08901571482419968
0.12641869485378265
-0.5083625316619873
-0.39178380370140076
-0.12433324009180069
-0.12670323252677917
-0.18991202116012573
0.07303942739963531
-0.14203594624996185
-0.13078926503658295
0.09049654006958008
-0.3139682412147522
-0.035731151700019836
0.176272451877594
-0.06657180190086365
0.39797738194465637
0.10961014032363892
0.23262716829776764
0.08681470155715942
0.050214748829603195
-0.21767891943454742
-0.12839467823505402
-0.21861505508422852
0.34968101978302
-0.20608121156692505
0.43350905179977417
-0.30699723958969116
-0.04185892641544342
0.13019801676273346
0.26685357093811035
-0.012956605292856693
-0.32787826657295227
-0.028937991708517075
0.03927680477499962
0.19300489127635956
-0.1945437341928482
0.20188280940055847
0.05185355246067047
0.24453043937683105
0.13810569047927856
0.4738081693649292
0.18803176283836365
-0.11386121064424515
0.314961701631546
0.19570791721343994
0.1383364498615265
0.23082463443279266
0.17713011801242828
-0.023934174329042435
-0.009453915059566498
0.044581301510334015
-0.14293700456619263
-0.14555403590202332
-0.2318052351474762
-0.024213356897234917
0.5148470997810364
0.1122693344950676
-0.15905165672302246
-0.4663197696208954
0.08605227619409561
-0.1072816252708435
-0.052746523171663284
0.2659206986427307
0.4557809829711914
-0.33162856101989746
0.06844272464513779
0.4976620376110077
-0.24509882926940918
-0.19986115396022797
-0.12138018012046814
-0.40597695112228394
-0.12873192131519318
0.011086400598287582
0.23967581987380981
-0.16346979141235352
-0.3716767132282257
0.027825718745589256
0.13865867257118225
0.10303688794374466
0.1351304054260254
-0.4687105417251587
-0.20138107240200043
0.231550931930542
0.047739092260599136
0.06620622426271439
0.15256766974925995
-0.005547926761209965
-0.14579316973686218
-0.26879599690437317
-0.06642326712608337
0.24713438749313354
-0.1282537877559662
-0.20908667147159576
0.37977322936058044
-0.018346672877669334
-0.03556697443127632
-0.15839049220085144
-0.24586531519889832
-0.27863624691963196
0.3132565915584564
0.1322936713695526
-0.3109450936317444
0.030499663203954697
-0.1512547880411148
0.5192963480949402
-0.17323584854602814
0.30870842933654785
-0.05455561727285385
0.1904650181531906
-0.007926109246909618
0.23253358900547028
0.39543697237968445
-0.07241055369377136
0.22799083590507507
0.06346523016691208
-0.046521492302417755
0.14667324721813202
-0.20366181433200836
0.026567688211798668
0.00835779681801796
0.04423535242676735
-0.14632105827331543
0.002812804887071252
0.24903060495853424
0.1650121957063675
0.17690663039684296
0.03264964371919632
0.2348211109638214
0.11667123436927795
-0.05328883230686188
0.2213868647813797
-0.23572738468647003
0.19750197231769562
-0.06328453123569489
-0.25784778594970703
-0.07622548937797546
0.11979042738676071
0.1290438175201416
0.28322896361351013
0.10773906856775284
-0.10703699290752411
0.5409696102142334
-0.025203371420502663
0.11465608328580856
0.2153998166322708
0.09705658257007599
-0.6022461652755737
-0.33274972438812256
-0.019699499011039734
-0.18267057836055756
-0.16660290956497192
0.22015829384326935
0.0707196444272995
0.0398736298084259
-0.36270445585250854
0.4302099347114563
0.28484243154525757
0.4187212586402893
-0.297672301530838
0.2653232514858246
0.20798347890377045
-0.2387285977602005
0.11051540821790695
0.17087428271770477
-0.13039714097976685
0.00296176690608263
0.04051316902041435
-0.018002403900027275
0.05879616737365723
0.20144790410995483
-0.38242068886756897
0.04097601771354675
-0.09828972071409225
-0.4217379689216614
0.2405911535024643
0.08818667382001877
-0.15035422146320343
0.009207000024616718
0.6299055218696594
0.008784403093159199
0.1036451905965805
-0.2764301896095276
0.1973191648721695
0.11724596470594406
-0.04419431835412979
0.21410487592220306
0.3104516565799713
-0.07122188806533813
-0.041406381875276566
-0.13502436876296997
0.21625269949436188
-0.2881036698818207
0.11146122962236404
0.09941362589597702
-0.08591732382774353
-0.27197304368019104
-0.10555610060691833
-0.26753097772598267
0.15312127768993378
0.20000271499156952
0.17353814840316772
0.25437259674072266
-0.08467108011245728
0.2852906286716461
-0.06563977897167206
-0.5500030517578125
-0.04202966392040253
0.1106751337647438
-0.046963319182395935
0.05206451192498207
0.13936938345432281
0.06437487155199051
-0.09946131706237793
0.06919802725315094
0.029296090826392174
0.09621280431747437
0.22710482776165009
-0.5149109959602356
-0.1680092066526413
-0.15084372460842133
0.10042522102594376
-0.2312650978565216
0.18831801414489746
-0.10967038571834564
-0.06584270298480988
0.03509994223713875
0.14703981578350067
-0.009145320393145084
-0.05938766151666641
0.06689851731061935
-0.09056385606527328
-0.3131367266178131
0.20598694682121277
-0.3114268183708191
0.07101434469223022
0.31278058886528015
-0.31092527508735657
0.028333764523267746
-0.07215999811887741
0.13960355520248413
-0.32851311564445496
-0.25677090883255005
0.12170445173978806
0.270599901676178
0.3707970678806305
-0.32522857189178467
-0.12977072596549988
0.20314908027648926
-0.07393383979797363
-0.06951496005058289
-0.08165901154279709
0.09609216451644897
0.010136612690985203
-0.24896152317523956
0.166934072971344
0.3234628140926361
-0.006479649338871241
0.30012181401252747
-0.14250485599040985
0.054051537066698074
0.03762832283973694
0.061920735985040665
-0.08645321428775787
0.19164542853832245
-0.19020168483257294
-0.25030261278152466
-0.21087080240249634
-0.2311543971300125
-0.42084798216819763
-0.28958824276924133
0.05189324542880058
0.08097905665636063
0.08758838474750519
-0.12179732322692871
-0.007197339553385973
0.4756065905094147
0.10540367662906647
0.28740331530570984
0.09544389694929123
-0.404017835855484
-0.1210794448852539
-0.11374874413013458
-0.06321404874324799
-0.06594211608171463
0.1388266533613205
0.10472714155912399
0.27978572249412537
0.25938066840171814
0.3915753960609436
-0.03569653630256653
0.22793948650360107
-0.1486353576183319
-0.15733732283115387
-0.10084223747253418
-0.15691207349300385
0.05719020962715149
0.4192250669002533
0.1931125819683075
0.024941420182585716
-0.336273729801178
0.07785356789827347
0.38719290494918823
-0.11446227878332138
0.41395580768585205
0.1255139410495758
0.053502053022384644
-0.1655338853597641
0.3789668083190918
-0.10125581920146942
0.43718838691711426
0.0970512181520462
0.10901056230068207
0.31816214323043823
-0.20374517142772675
-0.09347611665725708
0.4756462872028351
-0.1429429054260254
0.0774998813867569
-0.22767163813114166
0.10493583232164383
0.14963506162166595
-0.05423024296760559
0.0026651069056242704
0.3214724063873291
0.011607371270656586
-0.04570227116346359
-0.16857650876045227
-0.2336137294769287
-0.15140777826309204
-0.2215636521577835
-0.26080265641212463
0.02297602966427803
-0.08670063316822052
-0.05255519598722458
-0.080564945936203
-0.07081804424524307
0.2589344084262848
-0.09937252104282379
0.15147964656352997
-0.07115864753723145
0.4873485863208771
0.2998866140842438
-0.19852590560913086
-0.11183831840753555
-0.028547920286655426
0.30319058895111084
-0.2691311538219452
-0.08658579736948013
-0.19548237323760986
-0.0241487268358469
0.08569581061601639
0.03960356116294861
-0.4631681740283966
0.13524746894836426
0.11959919333457947
-0.03751853108406067
-0.07118191570043564
-0.06737000495195389
0.025168832391500473
0.008523281663656235
0.23759311437606812
0.18928314745426178
-0.42806288599967957
0.005871712230145931
0.009766597300767899
0.10201442241668701
-0.0006034414400346577
0.09450577199459076
-0.15511229634284973
-0.28893473744392395
-0.01886717788875103
-0.10328329354524612
0.10283045470714569
-0.2824004590511322
0.1881047785282135
-0.023494116961956024
-0.028135696426033974
-0.40624290704727173
-0.2160886973142624
-0.3261720538139343
-0.09236778318881989
0.21517135202884674
0.07424887269735336
0.12840531766414642
-0.08900465071201324
-0.4453582465648651
-0.13977579772472382
0.0350637212395668
-0.17970815300941467
0.21278586983680725
0.09685181826353073
-0.08652445673942566
0.16121897101402283
0.26995649933815
0.13665556907653809
0.15500958263874054
-0.1518595665693283
-0.031566377729177475
0.0987842008471489
-0.19218291342258453
-0.036015585064888
-0.045925039798021317
-0.09126292169094086
0.24278365075588226
0.22834159433841705
0.054633114486932755
-0.13839125633239746
-0.10300961881875992
0.04983990639448166
0.09313085675239563
-0.0034742795396596193
0.18495626747608185
-0.04836491122841835
-0.004609816707670689
-0.06436910480260849
-0.17132170498371124
0.1812555491924286
0.15422670543193817
-0.032621175050735474
-0.45638132095336914
-0.36434251070022583
-0.12967582046985626
-0.09379115700721741
-0.2970699071884155
0.1128435954451561
0.10070046037435532
0.046898551285266876
0.09395767003297806
-0.27904513478279114
-0.15525873005390167
0.2747279405593872
0.27618369460105896
0.14219790697097778
-0.13250921666622162
0.3489028215408325
-0.19750866293907166
-0.027457062155008316
-0.14234240353107452
-0.26415756344795227
-0.08063157647848129
0.2689906060695648
-0.08847445249557495
-0.44880130887031555
-0.08599795401096344
-0.2600843906402588
0.1728188693523407
0.31244733929634094
0.00024793538614176214
0.12449038773775101
-0.32635313272476196
-0.18262188136577606
0.3380963206291199
-0.03416981175541878
0.23462741076946259
0.22826512157917023
0.217722088098526
-0.022470226511359215
0.20653100311756134
0.1129952073097229
-0.21621066331863403
0.2415463775396347
-0.1329551488161087
0.09077025204896927
0.40033841133117676
0.26125842332839966
-0.14672240614891052
0.43842053413391113
0.2526840269565582
-0.15798132121562958
0.10075650364160538
-0.16985304653644562
-0.23708583414554596
0.12605944275856018
-0.1562609076499939
-0.1403074413537979
-0.2996196746826172
-0.24640178680419922
0.08660204708576202
-0.037296608090400696
-0.2894629240036011
-0.3787359595298767
-0.08385810256004333
0.12999802827835083
-0.5577058792114258
0.06117017939686775
-0.08353381603956223
-0.1552080661058426
0.30823665857315063
0.0046344357542693615
-0.1378404200077057
0.003248401917517185
0.38752105832099915
0.04393373429775238
0.28396376967430115
0.07563403993844986
0.2816585302352905
-0.1634637862443924
-0.0698685497045517
-0.1479194164276123
0.00962553359568119
0.16186758875846863
-0.06378791481256485
-0.18182282149791718
0.2079826444387436
0.4331788122653961
0.060665231198072433
-0.005361190531402826
0.12965817749500275
0.030983222648501396
0.3844165503978729
-0.5633308291435242
0.2479792982339859
-0.31120142340660095
-0.021942734718322754
-0.04900405555963516
-0.09602376073598862
-0.10331472754478455
0.1475168764591217
0.3292042315006256
0.25515303015708923
0.09848886728286743
-0.019369538873434067
-0.14510977268218994
0.4343254268169403
-0.02967236563563347
-0.19601976871490479
0.14377903938293457
0.01296498067677021
0.03474052995443344
0.1868954598903656
0.08241856098175049
-0.13820095360279083
-0.21323876082897186
-0.08764709532260895
0.2924039661884308
0.16937395930290222
0.3574913442134857
-0.16112282872200012
0.4639892280101776
-0.01713869720697403
-0.18460601568222046
0.033703964203596115
0.057346608489751816
-0.2124587893486023
0.08808913826942444
0.07976511865854263
0.3267672657966614
-0.1268799751996994
0.05915120244026184
-0.27945056557655334
-0.07005181163549423
0.10617396235466003
0.10095439106225967
-0.025862207636237144
-0.06504789739847183
-0.1370590180158615
0.14797508716583252
-0.024001987650990486
-0.13224761188030243
0.1079137921333313
0.07634458690881729
-0.11672747880220413
0.2809380292892456
-0.2712651789188385
-0.11278793215751648
-0.18614806234836578
-0.18300145864486694
-0.13528458774089813
-0.4211234748363495
-0.28837692737579346
0.013497148640453815
-0.26247698068618774
-0.29484304785728455
-0.018879327923059464
-0.37304991483688354
-0.17454521358013153
-0.20198972523212433
-0.4317631125450134
0.09056209772825241
-0.1951807141304016
0.320004403591156
0.082292839884758
0.01045329961925745
-0.15947991609573364
0.3151804208755493
0.24816161394119263
-0.14471060037612915
0.07582148164510727
-0.11520836502313614
-0.1775541603565216
-0.24052754044532776
0.15476249158382416
0.18875616788864136
-0.201208233833313
0.317766398191452
-0.2671615481376648
0.16883112490177155
0.05368054658174515
-0.06916217505931854
-0.1466464251279831
-0.0034495436120778322
-0.021768663078546524
-0.4689091145992279
-0.06681477278470993
-0.044873762875795364
0.03246595710515976
-0.4102453291416168
0.1494147628545761
-0.038575462996959686
0.3295501470565796
0.25382912158966064
0.12613636255264282
-0.029311368241906166
-0.04901639744639397
-0.15431815385818481
-0.16470754146575928
-0.41103115677833557
-0.28187212347984314
-0.04251817613840103
0.08883772045373917
0.013899046927690506
-0.1622469574213028
0.07044598460197449
-0.07666461914777756
0.15647374093532562
-0.45636186003685
0.27902090549468994
-0.16867274045944214
-0.18202650547027588
0.1912306398153305
-0.03811424598097801
0.3245588541030884
-0.1685975193977356
0.22293956577777863
0.04258083552122116
0.1713804006576538
0.09335010498762131
0.23483628034591675
0.11051356792449951
-0.03753165900707245
-0.17013898491859436
0.2724885642528534
0.01746823824942112
-0.24205365777015686
0.21019811928272247
0.25459516048431396
0.14697924256324768
0.01708099991083145
-0.3678458631038666
-0.2450219839811325
0.05567924305796623
0.2823290228843689
-0.05013423040509224
0.13098926842212677
-0.15232598781585693
0.021478433161973953
-0.32742834091186523
0.027457762509584427
-0.13633693754673004
-0.33371493220329285
-0.40398162603378296
-0.03963905945420265
0.08311524242162704
0.316456139087677
-0.1816415786743164
0.4993823766708374
0.28655511140823364
0.28671056032180786
-0.02278154157102108
-0.09138274937868118
-0.01029255986213684
-0.31971436738967896
0.17330312728881836
0.09732233732938766
0.08267924189567566
-0.22680464386940002
0.2576047480106354
-0.1716291457414627
0.30336394906044006
-0.19996361434459686
-0.2552355229854584
0.07084829360246658
0.4630955755710602
0.020720455795526505
0.17371486127376556
0.19562532007694244
-0.019656529650092125
0.15671277046203613
0.028610123321413994
-0.2523248791694641
-0.17067059874534607
0.22875180840492249
-0.42909643054008484
-0.3406703770160675
0.2469044029712677
-0.01025795005261898
-0.20991520583629608
-0.3030667304992676
-0.133361354470253
0.022570163011550903
-0.20855392515659332
-0.12274178117513657
-0.2015428990125656
0.15404187142848969
0.1354188770055771
0.08139673620462418
0.282734215259552
0.16335345804691315
-0.3621446192264557
0.09047450125217438
0.09833616763353348
0.18935921788215637
-0.24242840707302094
-0.13601148128509521
0.12819957733154297
0.3124619126319885
0.0018821931444108486
-0.15050804615020752
-0.5272381901741028
0.07255247235298157
0.0820319801568985
-0.26826849579811096
-0.07762393355369568
0.004625005181878805
0.007824619300663471
0.11884059011936188
-0.06989654153585434
0.02582443691790104
-0.31475621461868286
-0.01951819844543934
0.051002781838178635
0.0724141076207161
-0.2921968996524811
-0.3021589517593384
-0.1377977877855301
0.2507578432559967
-0.06265527755022049
-0.09287725389003754
-0.06795138865709305
-0.13594652712345123
-0.2291933000087738
0.33809906244277954
-0.03319921717047691
-0.13235874474048615
0.07588259130716324
-0.14919789135456085
0.20077435672283173
-0.12141229957342148
0.045752957463264465
0.5094895362854004
-0.17364120483398438
-0.5723004937171936
-0.05065608024597168
-0.07980551570653915
0.20314258337020874
-0.19225727021694183
0.006194252520799637
-0.2577012777328491
-0.2228746861219406
0.28953418135643005
-0.046238962560892105
-0.20913435518741608
0.0727197602391243
0.01518811285495758
0.12174574285745621
-0.2816292643547058
-0.08364804089069366
0.1807105988264084
-0.31832942366600037
0.09204425662755966
-0.16937285661697388
0.09734881669282913
0.43261024355888367
-0.04907828941941261
0.4897007942199707
-0.0018308914732187986
-0.18744340538978577
-0.07683694362640381
-0.08491555601358414
0.1409069150686264
-0.1297128051519394
-0.03479098156094551
0.05650094151496887
-0.06444831937551498
0.16128019988536835
0.22754253447055817
0.3315746784210205
-0.11683567613363266
-0.12038914859294891
-0.35917720198631287
-0.26623114943504333
-0.08665253967046738
0.22986237704753876
-0.21661390364170074
-0.30863073468208313
0.3880654573440552
-0.29532110691070557
-0.4361579120159149
-0.20373962819576263
-0.4132271409034729
-0.17362356185913086
0.0805865079164505
0.09896142035722733
0.14179861545562744
-0.07942565530538559
0.3411870300769806
-0.1205153539776802
0.2992824912071228
-0.34573814272880554
-0.3252880573272705
0.19307371973991394
0.16009745001792908
0.12912777066230774
0.08707883208990097
-0.0838785469532013
0.10478316992521286
-0.08379235118627548
-0.07570949196815491
0.2746152877807617
-0.24838103353977203
0.2610742151737213
-0.36948904395103455
0.6144962906837463
0.07847445458173752
0.09391707181930542
0.14224500954151154
0.033051930367946625
-0.25248590111732483
0.1389784812927246
-0.16154055297374725
-0.144334614276886
-0.21569275856018066
-0.3785853683948517
0.21432478725910187
0.07489477843046188
-0.08230732381343842
0.3718809187412262
-0.27047136425971985
0.02344437502324581
-0.1318085938692093
0.5021209120750427
-0.14377571642398834
-0.3337264358997345
-0.01237682718783617
0.17545822262763977
0.011422122828662395
0.16999712586402893
0.018267054110765457
-0.3614727556705475
-0.0426211915910244
0.3479492664337158
-0.37152254581451416
-0.09105867892503738
0.11080208420753479
0.1463468074798584
0.32265475392341614
-0.3858591914176941
-0.09452192485332489
-0.04876693710684776
0.06508094072341919
0.13999269902706146
-0.047901701182127
0.019902952015399933
-0.08454221487045288
-0.11079481244087219
-0.19693534076213837
0.129291832447052
-0.14758217334747314
-0.13819169998168945
0.19325408339500427
0.15451914072036743
-0.007356010377407074
-0.08040507137775421
-0.11987894773483276
-0.1870187371969223
0.0646871030330658
-0.08120391517877579
-0.40579789876937866
0.019780302420258522
-0.10346902906894684
0.19761766493320465
-0.19910266995429993
0.33824196457862854
0.04762880131602287
-0.1578100472688675
0.09951278567314148
0.12419937551021576
0.04978176951408386
-0.00921723060309887
-0.08736132830381393
0.15142756700515747
-0.0616166852414608
0.34404799342155457
-0.1518341451883316
-0.09181077778339386
-0.2581002414226532
0.04844893887639046
0.2307029515504837
0.10150790959596634
-0.4682791233062744
-0.10423791408538818
0.2825445234775543
-0.26866066455841064
-0.11885910481214523
0.18980176746845245
0.4575607478618622
0.16390123963356018
0.0872790738940239
0.15027208626270294
0.30795568227767944
0.04589628055691719
-0.39612844586372375
0.2094053477048874
-0.10645636171102524
-0.2225332409143448
-0.012762381695210934
0.13586290180683136
0.06733611226081848
0.14035406708717346
-0.002755002584308386
0.02207981050014496
0.023117469623684883
0.12825217843055725
-0.10217493027448654
0.03571776673197746
-0.032597050070762634
0.0520545057952404
0.2390047162771225
0.2091655284166336
0.129312202334404
0.01241400744765997
-0.061813462525606155
-0.43978196382522583
0.0018153676064684987
0.060481708496809006
0.05263248085975647
-0.3038279414176941
-0.0046131908893585205
-0.21468485891819
0.02645428478717804
0.20131024718284607
0.23351092636585236
0.01167205534875393
-0.07110636681318283
-0.13893404603004456
0.03394433483481407
-0.34954074025154114
0.00014996038225945085
-0.1433275192975998
-0.393436998128891
-0.041128236800432205
0.0800008773803711
0.10450904071331024
0.025038933381438255
0.0942310020327568
0.03199328854680061
-0.21148154139518738
0.6656520962715149
0.3824935555458069
-0.11983592808246613
-0.10534742474555969
0.10752960294485092
-0.20571087300777435
0.012649556621909142
0.30603840947151184
-0.147034153342247
0.0037797533441334963
-0.1345588117837906
0.06191911920905113
0.5503900051116943
-0.07098783552646637
0.01274104043841362
0.1826738715171814
-0.022661248221993446
-0.13021697103977203
0.17100189626216888
0.16723626852035522
-0.41567105054855347
-0.19341705739498138
0.185791477560997
-0.28518131375312805
0.2611982226371765
-0.04842562973499298
0.17458656430244446
0.0432586707174778
0.16140291094779968
-0.1058432012796402
-0.2553294599056244
0.18502052128314972
-0.35541242361068726
0.24877072870731354
0.042818717658519745
0.3341389000415802
-0.02318412810564041
-0.2668653726577759
0.387413889169693
0.3907052278518677
-0.18557778000831604
0.21416239440441132
0.48800724744796753
-0.07275350391864777
-0.014632721431553364
0.14184612035751343
0.2036338448524475
0.18361680209636688
0.05492163449525833
0.09905832260847092
-0.34875282645225525
-0.06514136493206024
0.19633056223392487
-0.0829111859202385
0.08688163012266159
-0.3203337788581848
0.17600692808628082
-0.09521035850048065
-0.0967279002070427
-0.10380341112613678
-0.454039067029953
0.2536070644855499
0.4398018419742584
0.49556875228881836
-0.2298792153596878
0.07909215986728668
0.18141724169254303
0.4021296203136444
-0.06492612510919571
-0.08052099496126175
-0.15669339895248413
-0.1565813571214676
0.06376802921295166
-0.0007778406143188477
-0.07274476438760757
0.19835270941257477
0.19041655957698822
0.020441638305783272
-0.19565576314926147
0.30266624689102173
-0.10322568565607071
0.08520300686359406
-0.04035784304141998
-0.03361731767654419
-0.1133522018790245
0.4185343384742737
0.1831439733505249
0.17499899864196777
0.11163199692964554
-0.2772270441055298
-0.12164415419101715
0.11528236418962479
0.3530987799167633
0.06167369335889816
-0.3483602702617645
0.1923338770866394
-0.09553451091051102
0.05380423739552498
0.36511504650115967
-0.23904414474964142
-0.06637335568666458
0.16753195226192474
-0.12201117724180222
-0.19524583220481873
-0.4271942675113678
-0.03954485058784485
-0.13594406843185425
-0.02196519449353218
0.2207786738872528
-0.21045014262199402
-0.051487602293491364
0.2507544457912445
0.1838245987892151
-0.13419294357299805
0.1865905374288559
-0.06810013204813004
-0.08701030910015106
-0.26557955145835876
-0.18530058860778809
0.4038759768009186
0.17556802928447723
0.08368336409330368
-0.11810271441936493
0.2413218766450882
0.09499523788690567
0.13564619421958923
-0.013989534229040146
0.04931719973683357
0.11633805185556412
0.04143049195408821
-0.10662603378295898
-0.3128891885280609
-0.49480172991752625
0.11517200618982315
-0.4272865653038025
-0.0018411010969430208
0.20403103530406952
0.2332397848367691
-0.15500344336032867
0.07972373813390732
0.09821196645498276
0.09788297861814499
-0.10746841877698898
0.2420756220817566
0.3522202968597412
0.07244626432657242
-0.09277228266000748
0.0827733501791954
0.2610470950603485
0.15999534726142883
0.12970127165317535
0.2521752417087555
0.055894799530506134
-0.3172074258327484
-0.03423231095075607
-0.18596255779266357
0.24858994781970978
0.16148966550827026
0.33804357051849365
0.10953685641288757
-0.06955364346504211
0.19407856464385986
0.016630852594971657
-0.19458059966564178
-0.2701857388019562
-0.2248920500278473
0.12464845180511475
0.06890209764242172
-0.35671189427375793
-0.030228467658162117
-0.06409133225679398
0.18554045259952545
-0.31711259484291077
-0.4819507300853729
0.08993307501077652
-0.056954968720674515
-0.1313246190547943
-0.08599140495061874
0.19781605899333954
0.11928940564393997
-0.1478528380393982
0.2026982605457306
0.20373475551605225
0.33362847566604614
-0.4801308214664459
-0.028684506192803383
0.04328976571559906
-0.3279953598976135
-0.4938204884529114
-0.027157263830304146
0.18312811851501465
-0.01925956830382347
0.22610214352607727
0.2684113681316376
0.09672806411981583
-0.14725340902805328
-0.232808455824852
0.014771692454814911
0.09151282161474228
-0.2559298276901245
-0.09071211516857147
-0.27633070945739746
-0.1625501960515976
0.019668815657496452
-0.3462642431259155
-0.31695953011512756
-0.015441041439771652
0.03291819617152214
-0.13600623607635498
-0.0017251498065888882
0.0654829740524292
-0.18384768068790436
0.03998517990112305
0.0934804379940033
0.1493910700082779
-0.08728796243667603
-0.1874445080757141
0.013132075779139996
0.022630129009485245
0.16658547520637512
-0.23731620609760284
-0.08229926228523254
0.20476295053958893
-0.34497344493865967
-0.11571288108825684
0.007323401048779488
-0.1609722524881363
0.13710767030715942
-0.08258937299251556
0.14286690950393677
0.0854375809431076
0.017999067902565002
-0.16554369032382965
0.02295682579278946
0.19764037430286407
-0.1418904811143875
-0.12604506313800812
-0.049712229520082474
-0.0574340745806694
0.4128202199935913
0.17447064816951752
0.019864851608872414
0.23609121143817902
-0.05384855344891548
0.11466643214225769
0.4799652695655823
0.1163269430398941
-0.00017844013927970082
-0.08152035623788834
-0.027002982795238495
-0.029582660645246506
-0.04625528305768967
0.16958487033843994
0.2719676196575165
0.0004457607283256948
0.16686128079891205
-0.08880087733268738
-0.28613707423210144
-0.2617897093296051
0.09859336167573929
-0.15165846049785614
0.10756752640008926
0.17337526381015778
-0.1019599512219429
0.11953336000442505
-0.17211954295635223
-0.03045044280588627
0.3438625633716583
0.12382631748914719
0.008375306613743305
0.28442907333374023
0.13737112283706665
0.19313102960586548
-0.04616352543234825
-0.08366172760725021
-0.19200503826141357
0.4413151741027832
0.2526966631412506
-0.1415494680404663
-0.05027566850185394
-0.21553513407707214
0.4333420991897583
0.2090853750705719
-0.5007754564285278
-0.0032190599013119936
-0.2207721322774887
-0.028438162058591843
0.6823146343231201
-0.30881670117378235
0.21311044692993164
-0.0549609437584877
-0.07086065411567688
0.28113269805908203
0.22021877765655518
0.11511917412281036
0.1313869208097458
0.05306492745876312
-0.07025366276502609
0.10293185710906982
0.2158905565738678
-0.42253515124320984
0.0419543981552124
-0.3882172405719757
0.35170143842697144
0.19923360645771027
-0.023198705166578293
-0.023799529299139977
-0.25018611550331116
-0.1907186210155487
0.1091485545039177
-0.17305760085582733
0.1560777872800827
0.018911711871623993
0.468199759721756
0.5108587741851807
-0.18245962262153625
0.20478127896785736
-0.26426175236701965
0.1926877349615097
-0.31673264503479004
0.09507758915424347
-0.06895231455564499
0.37895023822784424
0.027357861399650574
-0.24522514641284943
0.24199911952018738
0.09090007841587067
0.1145397275686264
-0.21873073279857635
-0.4179515540599823
0.14806929230690002
-0.09496218711137772
0.20577320456504822
0.06390339881181717
-0.2533831000328064
0.17614750564098358
-0.2339555323123932
0.18304520845413208
0.08384831249713898
0.07613525539636612
-0.012387903407216072
-0.09663502126932144
-0.005207865033298731
-0.15100981295108795
0.38427165150642395
-0.2279457300901413
-0.2785399854183197
0.3123548924922943
0.08082865178585052
-0.029157279059290886
-0.10043641179800034
-0.16118191182613373
0.22850115597248077
0.025609243661165237
-0.10489959269762039
0.2648508548736572
-0.14614368975162506
-0.01723811775445938
0.22111272811889648
-0.23594006896018982
0.1652681827545166
0.4890425503253937
0.2964925169944763
0.16482771933078766
-0.23986351490020752
-0.11582042276859283
-0.035408273339271545
0.0180186927318573
0.1639687865972519
0.07333316653966904
0.09325951337814331
0.3993467688560486
-0.07305930554866791
0.009037508629262447
-0.22987951338291168
-0.10165639221668243
-0.2876755893230438
0.36919957399368286
0.11539758741855621
-0.25420141220092773
-0.247772216796875
-0.006237145978957415
-0.13738179206848145
0.2930907905101776
-0.031291790306568146
0.10850293189287186
-0.3938465118408203
0.2106902301311493
-0.08002202957868576
0.18004627525806427
-0.21391771733760834
0.1366998851299286
-0.09109452366828918
-0.36674246191978455
0.09315640479326248
0.0572044812142849
0.12927581369876862
0.14942976832389832
-0.006508165970444679
0.13523276150226593
-0.08391835540533066
0.1482260674238205
-0.23820872604846954
0.23933666944503784
0.08874459564685822
0.09040697664022446
0.09513495117425919
0.2970467209815979
0.27006199955940247
-0.07612123340368271
0.016122985631227493
0.4921841025352478
0.27347710728645325
0.10125350952148438
0.017078816890716553
-0.13916848599910736
0.3575688302516937
-0.09267401695251465
0.1099538505077362
-0.02832130528986454
-0.15238642692565918
-0.052005600184202194
0.04944003373384476
-0.16802239418029785
0.156932070851326
0.19513781368732452
0.025144638493657112
0.124746173620224
0.12955330312252045
-0.25700637698173523
0.06465920805931091
-0.01850561983883381
-0.11260929703712463
0.1129039078950882
0.15275095403194427
-0.12530867755413055
-0.14077340066432953
-0.44868263602256775
0.2187172770500183
-0.3995903730392456
0.12764312326908112
0.1466009020805359
-0.007231326308101416
0.4910479784011841
-0.10251469910144806
-0.2514931559562683
-0.3691437244415283
-0.1810588240623474
0.027943382039666176
0.03692080080509186
-0.317167192697525
-0.26620426774024963
0.09486974030733109
0.004210655111819506
0.3952915668487549
-0.351592481136322
0.07881052792072296
0.007370087318122387
0.17416001856327057
0.26218152046203613
0.022081345319747925
-0.11495117098093033
-0.024296116083860397
0.05763408914208412
0.19753675162792206
-0.05925191566348076
0.24566254019737244
0.08708340674638748
0.21735548973083496
-0.34834057092666626
0.12881195545196533
-0.12707500159740448
0.0883764773607254
-0.20934270322322845
-0.046466466039419174
-0.025875210762023926
0.3138715326786041
0.08298619836568832
-0.33473044633865356
0.10973716527223587
-0.2977238893508911
0.08158297091722488
0.2258101999759674
0.15849311649799347
0.14580656588077545
-0.1671084761619568
-0.14198440313339233
-0.1704532653093338
-0.18174690008163452
0.22593747079372406
0.08878619968891144
-0.16171827912330627
0.08908727765083313
-0.02256125770509243
-0.10230011492967606
-0.14339537918567657
0.018106747418642044
0.18134953081607819
0.028420332819223404
0.1349075883626938
0.403169184923172
0.018698960542678833
0.17477908730506897
0.2570642828941345
-0.09475338459014893
0.13962006568908691
0.09236393868923187
-0.4083351492881775
0.22531843185424805
-0.007147298194468021
-0.03580581024289131
0.15828856825828552
0.14490869641304016
-0.06796744465827942
-0.02051079459488392
0.021113311871886253
-0.061013441532850266
-0.5468326210975647
0.1342492401599884
0.15642660856246948
-0.2167184203863144
0.28185346722602844
-0.22836677730083466
-0.17248477041721344
0.47293928265571594
0.13051530718803406
-0.07162000238895416
0.1320102959871292
0.029464472085237503
-0.03208262845873833
0.019983436912298203
-0.11102442443370819
-0.18946947157382965
-0.23329822719097137
-0.28143319487571716
0.018108952790498734
-0.02529597468674183
-0.1890433132648468
0.09243342280387878
-0.11817117035388947
-0.2838324308395386
0.08961126208305359
-0.05751713737845421
0.43051058053970337
0.435666024684906
0.23183125257492065
0.08611713349819183
0.293724924325943
-0.05475898087024689
-0.04405636340379715
0.1659466177225113
-0.05804497003555298
-0.24280786514282227
0.005578188691288233
-0.030678579583764076
0.028683962300419807
0.18819156289100647
-0.31245285272598267
0.05840171501040459
-0.023645130917429924
-0.5011544227600098
0.39866194128990173
-0.5181976556777954
0.05236804485321045
0.027973372489213943
-0.11909724026918411
0.04723052680492401
-0.09410687536001205
-0.39846912026405334
-0.08853475749492645
0.1401740312576294
-0.09252003580331802
0.19837597012519836
-0.012661310844123363
0.21142156422138214
0.16539357602596283
0.053700387477874756
0.19034214317798615
0.05461949482560158
-0.05947794020175934
0.05123202130198479
-0.17321237921714783
0.01895320601761341
0.17848177254199982
-0.26241838932037354
-0.043415479362010956
0.17300693690776825
-0.17613667249679565
0.1929929256439209
0.08138132095336914
0.24965225160121918
0.0861869752407074
-0.12237701565027237
0.0770641565322876
-0.1533184051513672
-0.2521052658557892
-0.0882708728313446
0.00914712343364954
-0.25248757004737854
-0.2501678168773651
-0.555992603302002
-0.18448889255523682
0.17892037332057953
-0.18635012209415436
0.03786592185497284
0.38294482231140137
-0.21331395208835602
0.05508502945303917
-0.36422228813171387
-0.19151900708675385
0.06853585690259933
0.15363654494285583
0.2524089515209198
0.023480284959077835
0.09175607562065125
0.09563837945461273
0.5240635275840759
0.12661874294281006
-0.28313350677490234
-0.08018992096185684
-0.4465095102787018
-0.04195677861571312
0.1356029510498047
0.1520068645477295
0.12339022010564804
-0.18827278912067413
0.09868889302015305
0.20182809233665466
-0.0322280116379261
0.11894797533750534
-0.13657312095165253
-0.10540782660245895
0.02591876871883869
0.06983011215925217
0.038921888917684555
0.29712975025177
0.11490235477685928
-0.27994751930236816
-0.07503671199083328
-0.280697762966156
0.015223640948534012
0.01808740384876728
-0.06465122848749161
-0.22158151865005493
-0.2923983931541443
0.07895087450742722
-0.35885295271873474
0.2399698942899704
0.3466751277446747
0.03614881634712219
-0.21033033728599548
0.014003290794789791
0.05927814543247223
0.15040718019008636
-0.31623852252960205
-0.43684089183807373
0.3104458153247833
0.23520125448703766
-0.054659370332956314
0.07240977883338928
0.2749708294868469
0.4703945219516754
0.20451341569423676
0.03894279524683952
-0.26355522871017456
0.42196914553642273
0.11567831039428711
-0.1608608216047287
0.38349369168281555
0.18960770964622498
0.4891705811023712
-0.021627044305205345
-0.038276299834251404
0.05814697965979576
-0.1413043737411499
-0.08365309238433838
-0.05813565477728844
-0.019034070894122124
0.007191876880824566
-0.0031967356335371733
-0.057890940457582474
0.13417160511016846
-0.11097735911607742
0.18981333076953888
0.19996322691440582
0.025860058143734932
-0.047563277184963226
0.26537150144577026
-0.016604170203208923
-0.35939115285873413
0.4246281087398529
0.015010431408882141
0.08449161052703857
-0.22892805933952332
0.14222346246242523
-0.011074617505073547
-0.07404319941997528
-0.35294851660728455
0.19686149060726166
-0.20550797879695892
-0.11753340065479279
-0.11055534332990646
-0.1071254163980484
0.015645118430256844
0.15018105506896973
0.2668972611427307
0.0014993119984865189
-0.2230711281299591
0.4548707604408264
-0.009021604433655739
-0.2905704081058502
0.05225953459739685
-0.13188685476779938
0.27305325865745544
0.10798086225986481
0.013106324709951878
-0.054658591747283936
-0.08622869104146957
-0.012836122885346413
0.0022157367784529924
-0.24170461297035217
-0.21287313103675842
0.16184183955192566
-0.22390460968017578
0.23790669441223145
0.06338532269001007
-0.17773830890655518
-0.09745620936155319
-0.2848789393901825
0.3519360423088074
0.0817188173532486
0.0014717676676809788
0.136047825217247
0.0968930795788765
-0.30248308181762695
-0.5430293083190918
-0.33261963725090027
0.2931138277053833
0.0244357418268919
0.12212947756052017
-0.05573944002389908
-0.15473529696464539
-0.30350881814956665
0.07824908941984177
-0.17978231608867645
0.3313313126564026
0.015941867604851723
0.34894296526908875
-0.16450801491737366
-0.244685098528862
0.03816881775856018
-0.2428777813911438
-0.08475586771965027
-0.008369166404008865
0.057897958904504776
-0.2970536947250366
0.26281750202178955
0.2805948555469513
0.14956632256507874
-0.040170829743146896
0.21485653519630432
-0.16901305317878723
0.007174086757004261
-0.1264035850763321
0.18645060062408447
0.3399255573749542
0.06094237044453621
0.1999559998512268
0.06228982284665108
-0.4086316227912903
0.3088172674179077
0.10837022960186005
0.1850203424692154
-0.2913288474082947
-0.1454494148492813
-0.02491171844303608
0.26035410165786743
0.38717907667160034
-0.12878918647766113
0.11762294918298721
-0.02149766869843006
-0.35226279497146606
-0.25663313269615173
-0.20260277390480042
0.0076144845224916935
-0.030156610533595085
0.003355173161253333
-0.20911183953285217
-0.12530437111854553
-0.050798818469047546
0.11747600883245468
0.17031580209732056
-0.14858472347259521
0.025478584691882133
-0.3868602514266968
-0.19436292350292206
-0.08609021455049515
0.13162720203399658
-0.053960077464580536
-0.05118153616786003
0.04414237663149834
-0.3813692331314087
0.40468424558639526
0.011506065726280212
-0.01145104318857193
0.3658588230609894
0.26178181171417236
-0.044506292790174484
-0.2537895739078522
-0.174244686961174
0.12436757236719131
0.1162097156047821
0.029508790001273155
0.5792361497879028
-0.0563950277864933
0.019701749086380005
0.045806050300598145
0.026046408340334892
0.2669445276260376
-0.19239293038845062
-0.03096732869744301
-0.007841099984943867
-0.06632308661937714
0.0015647098189219832
0.04086362570524216
-0.027022549882531166
0.05314677953720093
0.1689741313457489
-0.28125542402267456
0.21721240878105164
0.25772833824157715
0.2351618856191635
0.26022154092788696
-0.1835375428199768
-0.02368920110166073
-0.016591046005487442
0.3975023031234741
-0.0293294508010149
-0.18039056658744812
0.13808754086494446
-0.11007203161716461
0.06838063895702362
0.3350001275539398
-0.15988704562187195
-0.1946321576833725
0.028326470404863358
0.08478579670190811
-0.04805533587932587
-0.10956069827079773
0.19165267050266266
-0.44190898537635803
-0.12758345901966095
0.1600949913263321
0.0776769295334816
0.08112180233001709
-0.13317449390888214
-0.03387671336531639
0.4679886996746063
-0.13816125690937042
-0.07484719902276993
0.08160680532455444
-0.01856730878353119
0.13327598571777344
-0.18543870747089386
-0.2166212499141693
0.006248021963983774
0.07396934181451797
0.02733997441828251
-0.17638526856899261
0.10799305140972137
0.11027548462152481
0.17080575227737427
0.11209822446107864
-0.11944103986024857
0.2394818514585495
0.08513286709785461
0.032829295843839645
0.28064364194869995
-0.13252860307693481
0.12824217975139618
0.14342978596687317
-0.24539102613925934
0.3105384409427643
-0.2586788833141327
-0.15945425629615784
-0.017369944602251053
0.050616826862096786
0.21728256344795227
0.055742401629686356
-0.024609478190541267
-0.06300128251314163
-0.07692340016365051
0.12643495202064514
0.023576265200972557
0.0536864772439003
-0.15796318650245667
0.2865065634250641
0.10109768062829971
-0.015246845781803131
-0.39054280519485474
-0.09861532598733902
0.22374850511550903
-0.30373886227607727
-0.05244481563568115
0.7834027409553528
-0.12420527637004852
0.00028834465774707496
-0.03392299264669418
-0.4170680344104767
0.3040851652622223
0.16958409547805786
-0.15557441115379333
0.02879956364631653
0.104454904794693
-0.21457727253437042
-0.03232864663004875
-0.05082854628562927
-0.27669286727905273
0.30199533700942993
0.021545877680182457
-0.21120458841323853
0.06908383965492249
-0.090022511780262
-0.11303850263357162
-0.18847259879112244
0.11206641793251038
0.19965898990631104
-0.19271835684776306
0.1314718872308731
-0.31671813130378723
0.10521049052476883
-0.10037964582443237
0.06460876017808914
-0.01979830674827099
0.0766005739569664
0.2807908356189728
0.42947274446487427
-0.14970476925373077
0.07212930917739868
-0.16475430130958557
-0.20313988626003265
0.14659830927848816
-0.19349659979343414
0.051396504044532776
0.24808616936206818
-0.03728947788476944
-0.03509252890944481
0.15644122660160065
0.4751518666744232
-0.13862121105194092
-0.16212575137615204
0.3139021694660187
0.15869730710983276
-0.06344214081764221
0.23336945474147797
0.016162293031811714
0.3145623803138733
-0.12656717002391815
0.0918596088886261
-0.3448677361011505
0.07399863749742508
-0.010563028044998646
0.07100531458854675
-0.08637166023254395
-0.2611449062824249
0.13278871774673462
0.18148395419120789
-0.3823871314525604
0.07017725706100464
0.012096711434423923
-0.3304833173751831
0.1558268666267395
-0.003269787644967437
-0.22621002793312073
-0.05534426122903824
0.006712860893458128
0.2494352161884308
-0.3714238405227661
-0.0028946020174771547
-0.14176198840141296
-0.10279008746147156
-0.2396666705608368
0.11502678692340851
0.08626212179660797
-0.17114581167697906
0.0886065661907196
0.14408797025680542
0.18402647972106934
-0.3571477234363556
0.37415748834609985
-0.20960132777690887
-0.05364086106419563
-0.20814812183380127
0.16985945403575897
-0.13521800935268402
-0.10270869731903076
0.005836721509695053
0.09874919056892395
0.33773308992385864
0.010267619043588638
-0.1333189159631729
-0.1640550047159195
0.019926398992538452
0.08455675095319748
0.30532634258270264
-0.019469069316983223
-0.0711316168308258
0.057005010545253754
-0.2747940719127655
0.17866067588329315
0.08293403685092926
-0.20213747024536133
-0.188835009932518
-0.04651815816760063
-0.25755196809768677
0.1304440200328827
-0.07555000483989716
0.4656026363372803
0.12322576344013214
0.17240101099014282
0.368863582611084
-0.25680139660835266
0.02209031768143177
-0.23780572414398193
-0.5892747044563293
-0.08537288755178452
-0.01512982975691557
-0.30614474415779114
0.10881311446428299
-0.07583318650722504
-0.24940882623195648
0.18745501339435577
-0.1702960580587387
0.015022383071482182
0.07330158352851868
0.08212482929229736
-0.05839398875832558
-0.09906700253486633
-0.22538352012634277
0.13281790912151337
0.43944665789604187
0.10199707001447678
-0.20374161005020142
0.16111809015274048
-0.2278989851474762
-0.288600891828537
-0.21039344370365143
-0.12209281325340271
0.09674971550703049
-0.05602144077420235
0.06934057176113129
0.10540533810853958
0.034959375858306885
-0.1413777768611908
-0.018443884328007698
-0.11465338617563248
0.08614414930343628
-0.0955980122089386
0.0024401231203228235
-0.04324686899781227
0.17709864675998688
-0.2289990931749344
-0.020710838958621025
-0.039499927312135696
0.18865278363227844
0.06310360878705978
0.16348668932914734
0.17059051990509033
0.06950639188289642
0.09866397827863693
0.1106223613023758
0.03178349509835243
0.20435237884521484
0.02397952601313591
0.08985652029514313
0.13904120028018951
-0.2400631606578827
0.19606658816337585
0.5625828504562378
0.11665613949298859
-0.11998176574707031
0.2952844202518463
-0.21086299419403076
-0.4389834403991699
0.23756352066993713
0.24783609807491302
0.01619775779545307
-0.2601339519023895
0.1343030333518982
0.195633202791214
-0.47921043634414673
0.1708703488111496
0.14228586852550507
0.14836235344409943
-0.20054346323013306
0.1352202445268631
0.17373964190483093
-0.3506404161453247
-0.039509888738393784
-0.04524191468954086
-0.10547586530447006
0.2178262621164322
0.10312538594007492
-0.6220680475234985
-0.09764202684164047
-0.20439547300338745
-0.15660665929317474
-0.021039890125393867
-0.10050753504037857
0.2550160586833954
0.05816086381673813
0.17702428996562958
0.2419082224369049
0.1304411143064499
-0.0702069103717804
0.20098087191581726
-0.11900629848241806
0.0976402536034584
0.04840678721666336
0.09442273527383804
0.2116517573595047
0.09532484412193298
0.16611534357070923
0.35948827862739563
-0.3949938714504242
0.3831387162208557
0.35134825110435486
0.030823128297924995
0.11500365287065506
-0.2637823224067688
-0.3170219659805298
-0.04505568742752075
0.1956779807806015
-0.18110163509845734
-0.09655234962701797
-0.0005030963220633566
0.106903076171875
0.13074539601802826
-0.0983436331152916
-0.35504528880119324
0.3813456594944
0.24982617795467377
-0.29221633076667786
-0.0052215768955647945
0.05595085397362709
-0.06845608353614807
-0.10576532036066055
-0.17744137346744537
-0.28760743141174316
0.009025219827890396
0.03671950846910477
-0.2006215751171112
-0.004151314031332731
0.125376358628273
0.33147895336151123
-0.09257446974515915
-0.45847147703170776
-0.055044494569301605
-0.028444023802876472
-0.403955340385437
-0.020498426631093025
-0.09468232840299606
0.04244639351963997
0.1918274462223053
-0.11024580895900726
-0.1751573383808136
0.06881427019834518
-0.05226773023605347
-0.44497573375701904
-0.21066518127918243
0.09356417506933212
0.13456183671951294
-0.2678787410259247
0.12538962066173553
-0.4663839042186737
-0.19441096484661102
-0.3518662750720978
0.04842348024249077
-0.05791258439421654
-0.15962885320186615
-0.007228408474475145
-0.20938439667224884
-0.17648941278457642
-0.19111201167106628
0.18743200600147247
-0.15897397696971893
-0.4036963880062103
0.048286933451890945
-0.17360550165176392
0.3100305497646332
-0.3286227285861969
-0.09341344237327576
-0.015288414433598518
0.31346631050109863
-0.20789247751235962
0.26636335253715515
-0.06712266057729721
0.10002801567316055
0.2865927219390869
0.17156869173049927
0.4693727493286133
0.3188079595565796
0.18877184391021729
-0.16881150007247925
0.2691616117954254
0.1898704320192337
0.029789071530103683
0.07024923712015152
0.02114873193204403
-0.2806120216846466
0.12440402060747147
-0.04845164716243744
0.4434471130371094
0.20771245658397675
-0.2516610324382782
0.39302217960357666
-0.0511816069483757
-0.09599365293979645
-0.06333011388778687
-0.017876915633678436
-0.2763128876686096
-0.1401262730360031
0.2993776798248291
0.1630568504333496
0.10110309720039368
-0.16954085230827332
0.08054301142692566
0.2354768067598343
-0.011134352535009384
-0.06810940057039261
0.15376681089401245
-0.29547154903411865
-0.08534254133701324
-0.06092865392565727
-0.11996901035308838
-0.13918454945087433
0.19360075891017914
-0.20760281383991241
-0.002272852463647723
-0.1860971748828888
-0.2775252163410187
-0.06706982105970383
0.0617997832596302
-0.020922405645251274
0.14643360674381256
0.06792649626731873
-0.23289750516414642
-0.028471529483795166
-0.2733609676361084
-0.23139573633670807
0.14386361837387085
-0.059261009097099304
0.41590115427970886
-0.10232700407505035
-0.3774346113204956
0.1901734471321106
-0.11142505705356598
0.056182656437158585
-0.21084807813167572
-0.07204390317201614
0.025760818272829056
0.3203909993171692
-0.03389774635434151
0.1432836949825287
0.07039576023817062
0.2529655694961548
-0.1983594000339508
0.19476109743118286
0.12739072740077972
0.6232532858848572
0.10212904959917068
0.2551906406879425
-0.04460470378398895
0.4212465286254883
-0.033193137496709824
-0.32596948742866516
-0.23866844177246094
-0.14414820075035095
-0.05870726704597473
0.2877676784992218
-0.011881422251462936
0.0530879832804203
0.09151294082403183
0.08534540235996246
0.10902795195579529
0.4208698272705078
-0.14387771487236023
0.11826326698064804
-0.10987111181020737
0.0037317455280572176
-0.09198479354381561
-0.21253494918346405
-0.021396173164248466
-0.15686453878879547
0.3719594478607178
-0.05502398684620857
-0.16977179050445557
0.20842798054218292
0.12034142762422562
0.12631945312023163
-0.2899591326713562
-0.4255529046058655
-0.38465648889541626
0.14177173376083374
0.0832575336098671
0.019796578213572502
-0.181345134973526
0.0046447706408798695
-0.1281963437795639
0.2800734341144562
0.23525884747505188
0.23747631907463074
0.047661274671554565
0.12970326840877533
0.093032605946064
0.04651868715882301
0.3478443920612335
0.09443512558937073
-0.2687593698501587
-0.03861899673938751
-0.18804682791233063
-0.24123796820640564
-0.05983376130461693
-0.17007318139076233
0.10143744200468063
-0.03619161993265152
-0.14375846087932587
-0.09080376476049423
0.1258457452058792
0.06937864422798157
0.04951782524585724
0.0398281067609787
0.03718247264623642
-0.18405824899673462
