-0.01835097186267376
0.01841525174677372
0.06565786153078079
0.038056276738643646
-0.010083160363137722
0.014215679839253426
0.011109740473330021
-0.09108933061361313
0.010665490292012691
-0.02833477593958378
-0.054118331521749496
-0.02384646050632
-0.05534028261899948
0.01321500726044178
-0.05322261527180672
0.13702423870563507
0.028191134333610535
0.08679816871881485
-0.01988157071173191
-0.018980512395501137
-0.022779982537031174
0.043762415647506714
-0.004589949268847704
0.005344687029719353
0.03726234659552574
-0.06355363875627518
0.08649811893701553
0.005520334001630545
0.06255488097667694
0.05759967491030693
-0.07410982251167297
0.07657511532306671
0.007169066462665796
0.018012693151831627
0.044884588569402695
-0.05315084382891655
0.07214146852493286
0.030272062867879868
0.025211036205291748
0.00279425410553813
-0.008878875523805618
0.017691422253847122
-0.013033824972808361
0.022437190636992455
0.06565222144126892
0.11611893773078918
0.07398844510316849
0.03401791676878929
