0.0343230701982975
0.0956525206565857
-0.19550444185733795
0.10679445415735245
0.11951687186956406
-0.050038401037454605
-0.2411235123872757
0.16822855174541473
0.0015430026687681675
0.09637618809938431
0.07654843479394913
0.029819389805197716
0.027067027986049652
-0.18509459495544434
0.010136878117918968
0.023101333528757095
0.08641276508569717
-0.13411155343055725
0.05106581375002861
-0.12495367974042892
-0.002966375323012471
-0.019782910123467445
-0.12619884312152863
-0.007801837287843227
0.09130450338125229
-0.06754855066537857
-0.17881081998348236
0.09723933786153793
0.010172491893172264
-0.012424906715750694
-0.20883886516094208
0.030925270169973373
-0.0022083024960011244
0.05782730132341385
-0.02438472956418991
0.07441534847021103
-0.08778762817382812
-0.011130042374134064
0.01406730618327856
0.13149553537368774
-0.16270799934864044
0.09656074643135071
-0.1466154307126999
-0.027357326820492744
-0.015295210294425488
-0.04649527743458748
0.14798825979232788
0.059425704181194305
-0.21695677936077118
0.05693472549319267
0.05157610401511192
-0.1051919013261795
-0.1293303668498993
-0.029457665979862213
0.025318555533885956
0.12033037841320038
-0.10499662905931473
0.08435548096895218
0.134649857878685
-0.06628112494945526
-0.03307517245411873
-0.04634201154112816
0.19028063118457794
0.01363152451813221
0.026466526091098785
-0.03944754973053932
-0.22157123684883118
-0.12532390654087067
-0.014760518446564674
0.08402828127145767
-0.06988579779863358
-0.01435219869017601
0.0680336132645607
-0.014242412522435188
-0.024385198950767517
0.09783750772476196
-0.0842064768075943
0.03459017723798752
0.1935756504535675
-0.053305912762880325
0.10206781327724457
-0.13486197590827942
0.13071827590465546
0.02035786770284176
-0.2216881513595581
-0.08319813013076782
0.07740290462970734
0.09561893343925476
-0.05400305241346359
0.04282599687576294
-0.02310795895755291
-0.004468511324375868
0.0049277497455477715
-0.10463430732488632
-0.023165620863437653
-0.04457111284136772
-0.051824238151311874
0.05550561100244522
0.02077019214630127
-0.025725023820996284
0.07263892889022827
-0.0666307881474495
0.09434542059898376
-0.1352539360523224
0.09447991102933884
0.11931287497282028
-0.1470574587583542
0.005679721012711525
0.1068972796201706
0.021937986835837364
-0.043257832527160645
-0.029471881687641144
0.13001300394535065
-0.05083801597356796
0.23259952664375305
-0.1272374987602234
-0.05828184634447098
0.12292953580617905
0.07529877871274948
0.18341290950775146
0.02594684436917305
-0.05379674211144447
0.018766406923532486
0.010455049574375153
-0.09273187071084976
-0.09056781232357025
0.11639847606420517
-0.20890149474143982
-0.15814907848834991
0.098709836602211
0.04434562474489212
-0.06241267919540405
0.07356230169534683
-0.15727341175079346
-0.2705967128276825
-0.341889888048172
0.06263764947652817
-0.04429233446717262
-0.055700864642858505
0.10092558711767197
0.1000039279460907
0.21498771011829376
-0.11158804595470428
-0.1600789725780487
0.13298194110393524
0.1311495155096054
0.14885160326957703
0.03019998036324978
-0.14394761621952057
0.028339847922325134
-0.15429255366325378
0.22318732738494873
0.20552942156791687
-0.14014680683612823
-0.07873706519603729
0.16368551552295685
0.24911874532699585
0.03089236095547676
-0.004651869647204876
-0.06636080890893936
-0.023503104224801064
-0.04699169471859932
0.22676962614059448
0.09433851391077042
-0.04967401549220085
0.1218692809343338
0.09171032160520554
0.009084397926926613
-0.0003223144158255309
0.025260692462325096
0.022402023896574974
0.04381471872329712
-0.006935121025890112
0.01075783558189869
-0.15507683157920837
0.09852199256420135
-0.34064945578575134
0.18784858286380768
-0.06677334010601044
0.18434275686740875
0.011855095624923706
0.19569478929042816
-0.049401286989450455
-0.07253563404083252
0.10840187221765518
0.12839415669441223
0.058899108320474625
-0.04626071825623512
-0.03417015075683594
0.0025250448379665613
0.04486989974975586
0.059947747737169266
0.0940205454826355
-0.2248154729604721
-0.048387642949819565
-0.09967435896396637
-0.009201346896588802
0.15401747822761536
-0.04180629551410675
-0.2758397161960602
-0.0007740397122688591
0.03856385871767998
0.01830580085515976
0.08859318494796753
0.024644581601023674
-0.1696290522813797
-0.01165792252868414
0.06686349958181381
-0.05965885519981384
-0.08572027832269669
0.12541718780994415
-0.03696999326348305
-0.15898358821868896
-0.17797905206680298
0.09974615275859833
-0.20610472559928894
0.047518547624349594
-0.004585607443004847
-0.09820924699306488
0.0031196395866572857
-0.10252779722213745
0.099940225481987
0.15264247357845306
0.01560642197728157
0.22994667291641235
0.24628858268260956
-0.11366818100214005
0.05882662162184715
-0.028278090059757233
0.2418416142463684
0.05522096902132034
0.06037328392267227
-0.04210096597671509
0.01945369690656662
0.04348114877939224
0.12420536577701569
-0.020946890115737915
0.06815022230148315
-0.1321016252040863
0.03604844585061073
0.20864436030387878
0.22662246227264404
0.3155168890953064
-0.01803116872906685
-0.00724869454279542
-0.11980465054512024
0.13630273938179016
0.17796270549297333
-0.04829500988125801
0.0982477068901062
-0.028258929029107094
0.0714053213596344
-0.182675302028656
-0.08092918246984482
-0.16837121546268463
-0.08375315368175507
-0.01419780496507883
-0.13581763207912445
-0.03226481005549431
0.07144802063703537
0.012570512481033802
-0.007240681909024715
-0.1291159689426422
-0.09299927949905396
-0.1862875372171402
0.014878790825605392
-0.12868571281433105
-0.11000527441501617
0.04711411893367767
-0.1410495638847351
-0.011830823495984077
0.04770483821630478
-0.05578048527240753
0.15798132121562958
-0.11984293907880783
0.04859095439314842
-0.16498395800590515
-0.005745320580899715
-0.05474785342812538
-0.0282595157623291
-0.08534941077232361
-0.09958871454000473
-0.06313866376876831
0.04325108230113983
0.08288584649562836
-0.03209901228547096
-0.1332627534866333
-0.33833447098731995
0.05753936246037483
-0.0440620593726635
-0.12434490770101547
-0.07810436189174652
-0.1844719648361206
0.059478361159563065
-0.20027706027030945
0.13696445524692535
-0.14100514352321625
-0.0794164165854454
-0.19510017335414886
-0.03833715617656708
0.06239308789372444
0.09666851162910461
0.1414325088262558
-0.032744064927101135
-0.15114189684391022
0.07007941603660583
0.15528565645217896
-0.006682020146399736
-0.04771256074309349
0.006563496310263872
-0.10079154372215271
0.07848631590604782
-0.040339987725019455
0.055429477244615555
0.1252279132604599
0.2919352650642395
-0.0631212592124939
-0.041733596473932266
0.022990014404058456
0.15105867385864258
-0.01348357554525137
-0.13958057761192322
0.15237078070640564
0.12837545573711395
-0.01852462626993656
-0.13706214725971222
-0.04418210685253143
0.025617690756917
0.017297834157943726
0.08326195180416107
-0.10914501547813416
0.08482135087251663
-0.03931742161512375
-0.03958294913172722
0.006720520555973053
0.0759713426232338
-0.03370622172951698
-0.14163637161254883
0.019552240148186684
-0.06726796925067902
0.02861762046813965
-0.07539797574281693
-0.09670297801494598
0.12091753631830215
0.20255249738693237
-0.16387967765331268
0.1513587236404419
-0.09996078163385391
0.2539002299308777
-0.1133398711681366
-0.05139379948377609
0.08569876104593277
-0.12366119772195816
0.024129632860422134
-0.06241282448172569
0.13907577097415924
0.004127285908907652
0.026650387793779373
-0.12075060606002808
0.1105336993932724
-0.08084850758314133
-0.003788626054301858
0.052874039858579636
-0.06358175724744797
-0.18679887056350708
0.014433205127716064
0.09723041951656342
-0.0909067690372467
-0.1518537998199463
0.08490660786628723
-0.1679384708404541
-0.010907502844929695
0.07418506592512131
0.13469669222831726
-0.1286550760269165
0.08200529962778091
0.13362497091293335
-0.09803102910518646
-0.047011397778987885
0.07617940753698349
0.09157578647136688
-0.09203159064054489
0.05803615227341652
-0.031283535063266754
0.010877628810703754
-0.12716208398342133
-0.04885030910372734
0.08844389021396637
-0.021216509863734245
-0.017952678725123405
-0.1097460463643074
0.18983876705169678
0.09568177908658981
-0.03363514691591263
0.06663469970226288
0.20670130848884583
-0.19437865912914276
0.027204537764191628
-0.10349597036838531
-0.04821673035621643
0.08701212704181671
0.12640215456485748
0.16239012777805328
0.040955912321805954
0.0345010831952095
0.019458478316664696
0.30422890186309814
0.05008846893906593
-0.058157529681921005
-0.05758512020111084
0.16734722256660461
-0.2571256756782532
0.15662355720996857
-0.196574866771698
-0.07892899960279465
0.034659530967473984
-0.0022931115236133337
0.34849902987480164
0.10918625444173813
-0.029861213639378548
0.17551806569099426
-0.1268024444580078
-0.14397019147872925
-0.06685912609100342
0.024423416703939438
-0.0012550012907013297
-0.12231922894716263
-0.21041499078273773
0.11901554465293884
0.07441731542348862
0.04016095772385597
-0.021740810945630074
0.058416932821273804
0.17053033411502838
0.09492085874080658
0.009496497921645641
0.023100214079022408
0.23891890048980713
0.038103241473436356
-0.1259688436985016
-0.0722893550992012
-0.004785516299307346
-0.003273460315540433
0.2681198716163635
0.07227104157209396
-0.06128248944878578
0.01069192960858345
-0.11862388253211975
0.019808052107691765
0.19929274916648865
0.005220551043748856
0.03254188597202301
-0.025014394894242287
0.19106674194335938
-0.04225292056798935
-0.10244743525981903
-0.05407164245843887
-0.2378249615430832
-0.07040853798389435
0.04864001274108887
0.3113549053668976
0.06625859439373016
-0.1975117176771164
-0.09700965881347656
0.10075021535158157
-0.046580683439970016
0.1352706104516983
0.24034567177295685
-0.009717483073472977
-0.038282930850982666
0.22960753738880157
-0.332570344209671
-0.14212483167648315
0.13513797521591187
0.33081355690956116
-0.16036371886730194
0.16407577693462372
-0.2858423888683319
-0.14172326028347015
-0.11226966232061386
-0.1179252564907074
-0.13310329616069794
-0.023353978991508484
-0.030360091477632523
0.19990482926368713
0.028462374582886696
0.09822072088718414
-0.03637227788567543
0.07218214124441147
-0.055992577224969864
-0.18045790493488312
0.1019418016076088
0.2588096857070923
0.3398771584033966
-0.06487393379211426
0.1328234076499939
-0.20932041108608246
-0.19559113681316376
0.0934523418545723
-0.0930766835808754
0.07071434706449509
-0.015844594687223434
-0.08293095231056213
0.16941219568252563
-0.06315743923187256
-0.04810596629977226
0.06271778047084808
-0.13975483179092407
0.07207842916250229
0.03654913604259491
0.0959971696138382
0.3031882345676422
-0.13904781639575958
-0.03546220064163208
-0.15692147612571716
-0.020072711631655693
-0.2054559290409088
0.28392916917800903
0.011613322421908379
0.1885051280260086
-0.08979867398738861
-0.14247800409793854
-0.17323246598243713
0.042636848986148834
-0.10492224991321564
-0.04853609949350357
-0.1508983075618744
-0.048484135419130325
0.1828761100769043
-0.04819580912590027
-0.0283710565418005
0.030124535784125328
-0.004802158568054438
-0.12417871505022049
-0.13431568443775177
-0.07783859223127365
-0.05700403079390526
-0.009755046106874943
-0.045607488602399826
0.16852712631225586
-0.13371071219444275
-0.0722719356417656
-0.024217478930950165
-0.20294438302516937
0.06637316197156906
-0.03346661105751991
0.1476026028394699
0.021800978109240532
-0.2713342010974884
0.0992165207862854
-0.04860915616154671
-0.20115375518798828
0.10476415604352951
-0.07884325087070465
-0.05304853618144989
0.05198365077376366
0.14965923130512238
0.0832289531826973
-0.03502504527568817
-0.15839047729969025
-0.0782938301563263
-0.07310257107019424
-0.4245055317878723
0.14445272088050842
0.1037297248840332
0.17587682604789734
-0.11615044623613358
-0.028059374541044235
0.02410358190536499
0.1755542755126953
-0.008801271207630634
-0.11198485642671585
-0.19268296658992767
0.18969261646270752
-0.0640786811709404
-0.15366151928901672
0.053925029933452606
0.0608835443854332
0.13604846596717834
0.09549747407436371
0.12942925095558167
-0.059391848742961884
-0.2448308914899826
0.03488569334149361
0.13735492527484894
0.22273226082324982
0.04097918048501015
-0.0538419708609581
-0.03635416179895401
0.061049312353134155
0.1018512099981308
0.15609541535377502
0.10197752714157104
-0.033562783151865005
-0.04823308438062668
0.10991843044757843
-0.0931309312582016
-0.023351280018687248
0.10824458301067352
0.14454416930675507
0.20870770514011383
0.28808629512786865
0.12453514337539673
0.027630211785435677
0.14218448102474213
0.1147180050611496
-0.10780902951955795
0.06999114155769348
-0.05011036619544029
0.01498760562390089
0.07972412556409836
0.05535620078444481
0.2655164301395416
0.04497281461954117
0.10529541224241257
-0.04932251572608948
0.054927363991737366
0.08755627274513245
-0.12455771118402481
0.316318154335022
-0.019346777349710464
-0.17179222404956818
-0.15064378082752228
-0.21330928802490234
-0.25926870107650757
-0.0900283008813858
0.10755320638418198
0.08059854805469513
0.07470962405204773
-0.2734447717666626
0.07298187911510468
0.09972383826971054
0.08703085780143738
0.24299433827400208
0.10660309344530106
0.20020273327827454
-0.10131892561912537
-0.2251386195421219
-0.04550192877650261
-0.032045334577560425
0.09786368906497955
-0.08279569447040558
-0.0442587174475193
-0.00253469031304121
-0.06976376473903656
0.009481660090386868
0.14389000833034515
0.10090862959623337
-0.14313191175460815
0.019927730783820152
-0.17937590181827545
-0.07762134820222855
0.09748011082410812
-0.03068539872765541
0.009053577668964863
0.03047722764313221
0.0013757674023509026
0.05191155523061752
0.16917262971401215
0.09601058065891266
-0.22868430614471436
0.007346386555582285
0.09572522342205048
-0.1361263543367386
-0.2090606987476349
0.05419265106320381
0.11076603829860687
0.1596926748752594
0.0726105123758316
0.1153903678059578
-0.11744991689920425
-0.09770465642213821
-0.016280118376016617
-0.24834084510803223
0.03675489500164986
-0.027667028829455376
-0.1318024843931198
-0.03377323970198631
0.01647040992975235
-0.1887044906616211
-0.05514957010746002
-0.31082263588905334
-0.008657598868012428
0.2570079267024994
-0.1420324444770813
-0.010763566009700298
0.08687363564968109
0.3907192647457123
0.18981873989105225
0.1348004937171936
-0.002472730353474617
0.14050538837909698
-0.07901176810264587
0.05078009143471718
-0.013699350878596306
-0.0022444739006459713
0.042530979961156845
0.06344252079725266
-0.15825024247169495
0.3510044813156128
0.07685814797878265
0.04215250164270401
-0.0653265193104744
-0.10994220525026321
0.22899773716926575
0.17226439714431763
0.0037007310893386602
-0.21391479671001434
0.09573402255773544
0.025087913498282433
0.04555480554699898
-0.13539165258407593
-0.07237035036087036
-0.005071219056844711
-0.09203602373600006
-0.12955789268016815
0.057353317737579346
-0.23950950801372528
0.03934740647673607
-0.331290602684021
-0.26140522956848145
0.07357271015644073
0.0006495058769360185
-0.031995873898267746
-0.04257218912243843
-0.015022672712802887
0.12915173172950745
-0.036918073892593384
0.07389930635690689
0.424899697303772
-0.0006679472280666232
-0.14925599098205566
0.06425884366035461
0.05838284268975258
-0.018790189176797867
-0.27744728326797485
-0.07448325306177139
-0.036877840757369995
-0.07454954087734222
0.14176161587238312
-0.09896256774663925
0.10686702281236649
0.059578787535429
-0.0019320654682815075
0.0800759568810463
0.05916867032647133
-0.11305169761180878
0.04960096254944801
-0.04606108367443085
-0.2214895784854889
-0.1856139898300171
-0.22847609221935272
-0.20942877233028412
-0.057853177189826965
-0.12260358035564423
0.1433912068605423
0.16768909990787506
-0.02650592103600502
0.08080361038446426
-0.1596055030822754
0.056650303304195404
0.08235640078783035
-0.01498441118746996
0.14648574590682983
0.2032913714647293
-0.17106375098228455
-0.08533105254173279
0.0024273197632282972
0.23421797156333923
0.1019086241722107
0.1718672662973404
0.008866142481565475
0.021215202286839485
0.03193867206573486
0.06847851723432541
-0.003324984572827816
-0.2183668315410614
0.13279980421066284
-0.2540333569049835
0.0939369797706604
-0.3016558289527893
0.033916618674993515
-0.0845574289560318
-0.15695591270923615
0.09789589047431946
0.04032451659440994
0.27912431955337524
-0.11081215739250183
-0.20169350504875183
-0.13850978016853333
-0.3009520173072815
0.00032319151796400547
-0.13770800828933716
0.007059788331389427
-0.13028493523597717
0.10597116500139236
0.20502200722694397
-0.029137151315808296
0.023605255410075188
-0.24295473098754883
-0.06334742158651352
-0.02728313021361828
0.007892010733485222
-0.2315751612186432
0.1200391948223114
0.17045000195503235
-0.08467976003885269
-0.17776837944984436
0.1874634325504303
0.01880127191543579
0.022716891020536423
-0.07552935928106308
0.2470729947090149
0.12010153383016586
0.030594291165471077
-0.03372655808925629
0.18907777965068817
0.04629993438720703
-0.011088535189628601
0.06622332334518433
-0.0578208826482296
0.1729365587234497
-0.09641532599925995
-0.03224238380789757
0.09745965898036957
-0.11939144134521484
0.10196574032306671
-0.21945437788963318
-0.026869002729654312
-0.08817768841981888
-0.029265055432915688
0.09385509788990021
0.12101981043815613
0.2705326974391937
0.26677021384239197
0.04887911677360535
-0.17563031613826752
-0.015369844622910023
0.04888239502906799
0.13650435209274292
-0.07626329362392426
0.09215664863586426
0.06783689558506012
0.1576164811849594
-0.07940667867660522
0.1764746755361557
0.03163662180304527
0.026429221034049988
-0.006466539576649666
0.006133179180324078
-0.04594191908836365
0.09743288159370422
-0.05577960982918739
-0.1528966724872589
-0.18286727368831635
0.1680368185043335
-0.1441289186477661
0.12482953071594238
0.08425302058458328
-0.04816213622689247
0.053565897047519684
-0.0006407969049178064
-0.1391126662492752
-0.015665652230381966
-0.14216776192188263
-0.16216781735420227
0.197739839553833
-0.02908969111740589
0.16376937925815582
-0.029177842661738396
0.21225696802139282
-0.12198564410209656
0.10397836565971375
-0.09543462842702866
0.08168116956949234
0.07353752851486206
-0.0018288858700543642
-0.18268680572509766
-0.002306289505213499
0.06361427903175354
-0.16808836162090302
-0.025682318955659866
-0.03889372572302818
0.15155763924121857
-0.04316443204879761
-0.02300197072327137
-0.25376763939857483
0.1789274960756302
-0.03759954124689102
0.11948975175619125
0.10522299259901047
0.024493396282196045
0.1552165001630783
-0.1825416386127472
-0.07839763164520264
0.052994098514318466
0.16716735064983368
-0.06383439898490906
-0.05241411179304123
-0.12072344124317169
-0.1795118898153305
0.023068781942129135
-0.006790134124457836
-0.03979988768696785
-0.1178508847951889
0.0021727480925619602
-0.21564283967018127
0.10201942175626755
-0.11923589557409286
-0.2098902463912964
-0.12076126784086227
0.10878778249025345
-0.1344607025384903
0.37181660532951355
0.03651442378759384
-0.08307410776615143
-0.1681644320487976
-0.14035628736019135
0.24289044737815857
0.016553156077861786
-0.08141330629587173
-0.10899528115987778
-0.0349106565117836
0.23089048266410828
0.02617822401225567
0.01012775581330061
0.1190166100859642
-0.05764356628060341
0.026959238573908806
-0.08631948381662369
-0.20761920511722565
-0.056004296988248825
0.27745211124420166
-0.06788338720798492
0.11282522976398468
-0.09450147300958633
-0.1476423144340515
-0.15175259113311768
0.012491323053836823
0.011800501495599747
-0.08517502248287201
-0.09527262300252914
-0.2698017358779907
0.11491703242063522
0.12492316961288452
-0.09704399853944778
-0.16458193957805634
-0.15210819244384766
-0.06458491086959839
0.09294713288545609
0.20467767119407654
-0.10055549442768097
-0.15464529395103455
0.19560621678829193
0.05598941072821617
0.02124670520424843
-0.004450779873877764
0.09068124741315842
0.009573797695338726
0.11281727999448776
-0.22275197505950928
0.06827980279922485
0.1395871490240097
-0.0378754697740078
-0.015147718600928783
0.11960220336914062
-0.10098005831241608
-0.2991052269935608
0.1213032677769661
0.020237764343619347
0.02736782841384411
-0.021307693794369698
0.1496584713459015
0.1730344593524933
0.1262637823820114
-0.09536996483802795
-0.1720224767923355
0.2133362889289856
0.0986795723438263
0.2881201505661011
-0.12781281769275665
0.07786360383033752
-0.09940626472234726
-0.03521566092967987
-0.1304258108139038
0.06734560430049896
0.3650382161140442
-0.15136486291885376
-0.022050458937883377
-0.02791677974164486
-0.10884156823158264
-0.21719275414943695
0.11533080041408539
0.012769474647939205
-0.021848615258932114
0.223136767745018
-0.07421852648258209
-0.21426981687545776
-0.07191848009824753
0.20398882031440735
0.17832747101783752
0.06094031780958176
0.052850142121315
-0.14748330414295197
-0.10030119866132736
-0.1488512009382248
0.18684309720993042
-0.0627671629190445
0.21435298025608063
0.06816587597131729
0.009704883210361004
0.048517193645238876
0.043666500598192215
-0.040171779692173004
0.1315888911485672
-0.302664577960968
-0.04998753219842911
0.022933637723326683
0.03809626027941704
0.01801619492471218
0.17798499763011932
0.054500315338373184
0.004427359439432621
-0.07467977702617645
-0.10239823162555695
-0.07697249203920364
-0.05054762214422226
-0.2747150659561157
0.06554438918828964
-0.025724953040480614
0.10108772665262222
0.15410934388637543
-0.10792870819568634
-0.050279099494218826
0.03634174168109894
-0.007394680753350258
0.26063209772109985
0.1761077344417572
0.051037389785051346
-0.041039370000362396
0.07622091472148895
0.28584641218185425
-0.0017376195173710585
-0.1451045125722885
-0.1096462830901146
0.20930218696594238
-0.0750827044248581
0.11054330319166183
0.13199648261070251
0.2125178724527359
-0.056151531636714935
-0.03317952901124954
-0.11620360612869263
-0.18489141762256622
-0.001184089109301567
-0.14988569915294647
0.08306634426116943
-0.04876686632633209
-0.08901318162679672
0.046989258378744125
0.1757168173789978
-0.020604897290468216
-0.017375076189637184
-0.04379929229617119
0.05216112732887268
-0.033187251538038254
0.2823924124240875
-0.15357054769992828
0.16970883309841156
-0.0007198815583251417
-0.03568607196211815
0.15175731480121613
0.12268877774477005
-0.19974716007709503
-0.018004730343818665
-0.1467110961675644
0.19012697041034698
-0.0814916342496872
0.15176279842853546
-0.10898537188768387
-0.027849886566400528
0.0825471356511116
0.17732371389865875
-0.03870772570371628
0.09797315299510956
0.23269988596439362
0.1283775269985199
-0.05432538688182831
0.11006969958543777
-0.0744422897696495
-0.06098128482699394
0.20929118990898132
-0.16556301712989807
0.1807495504617691
0.0058482736349105835
0.10128801316022873
-0.2617496848106384
0.07894638925790787
0.1980542093515396
-0.15085098147392273
0.1285163313150406
0.05786850303411484
0.04533275216817856
-0.019131194800138474
-0.022273506969213486
-0.25780022144317627
-0.06152217090129852
-0.04534847289323807
-0.1730467528104782
0.0037461360916495323
0.1090255156159401
-0.03425408527255058
0.27951252460479736
-0.09049337357282639
-0.1708402782678604
-0.10393399745225906
0.1694743037223816
-0.043140560388565063
-0.040574029088020325
-0.09967350959777832
0.08675265312194824
-0.09383873641490936
-0.06222439929842949
0.07442382723093033
0.04154070094227791
0.08314992487430573
-0.0995798259973526
0.05521692708134651
-0.09131062775850296
-0.13318103551864624
-0.01183339860290289
0.062019966542720795
0.1739230453968048
-0.13551847636699677
0.00467520160600543
0.1219792366027832
-0.27018991112709045
0.18483412265777588
-0.1332903504371643
-0.07305558770895004
0.28996315598487854
0.11587563157081604
0.09994053840637207
-0.20669910311698914
0.21356390416622162
0.062064316123723984
-0.09015169739723206
0.24723584949970245
0.02750631794333458
0.0021884653251618147
-0.2673892378807068
0.08580370992422104
0.05622714385390282
0.055951811373233795
-0.10049416869878769
-0.05502663180232048
-0.1807117909193039
-0.18642355501651764
-0.06616102159023285
-0.10488557070493698
-0.1516815572977066
0.17490330338478088
-0.0084816450253129
0.0477948859333992
-0.02713760919868946
-0.08292455971240997
0.12437193840742111
-0.15649688243865967
0.11485186964273453
-0.2538749873638153
-0.01924986205995083
-0.013394741341471672
0.14555588364601135
-0.1865757405757904
-0.27574416995048523
0.23579366505146027
0.10829780250787735
0.1659090369939804
0.05926602706313133
0.18451493978500366
-0.009619241580367088
-0.053422559052705765
0.020503051578998566
0.07357916980981827
-0.09781268984079361
-0.02751021273434162
0.0664457306265831
0.015081426128745079
0.022678306326270103
-0.03782784566283226
-0.05166381970047951
0.07939708232879639
0.022075101733207703
-0.1034659668803215
0.10980560630559921
0.05660601705312729
0.03303876891732216
-0.1336883008480072
0.17131897807121277
0.02716401405632496
-0.008132451213896275
0.004104741849005222
0.009015146642923355
0.07096026092767715
-0.017460793256759644
0.024646934121847153
-0.16059084236621857
-0.037554118782281876
-0.13666102290153503
-0.06413393467664719
-0.1386507749557495
-0.023796742781996727
-0.06258578598499298
0.08995218575000763
0.009272241033613682
-0.152109757065773
0.09901486337184906
-0.10477263480424881
0.036188218742609024
-0.08124750852584839
-0.32832035422325134
0.1907644271850586
0.1283758282661438
-0.081777423620224
-0.06547962874174118
0.04027733579277992
-0.06350091099739075
0.1036459282040596
0.05705900117754936
0.02690470777451992
-0.11509062349796295
-0.0982152596116066
0.10334046930074692
0.12525831162929535
0.08508453518152237
0.14820824563503265
-0.007037715520709753
-0.13159845769405365
0.0958847925066948
-0.09726429730653763
0.1905181109905243
-0.25364285707473755
0.1653381884098053
-0.12386411428451538
0.034047145396471024
0.037191588431596756
-0.09074126929044724
0.04285554960370064
-0.04372096434235573
0.11955289542675018
0.027208378538489342
0.27614372968673706
0.05312441661953926
-0.04256666451692581
0.12093804031610489
-0.08416808396577835
-0.08371657878160477
-0.0748145580291748
0.04556325450539589
0.03918394818902016
0.10644860565662384
0.07238031178712845
0.11096332967281342
0.033616214990615845
-0.14213302731513977
-0.027057334780693054
-0.0700092613697052
0.16799671947956085
0.05845263972878456
0.10873626172542572
0.23015911877155304
0.14340540766716003
0.07068730145692825
-0.008916056714951992
0.00611982773989439
0.18333294987678528
0.11234331130981445
-0.006828950252383947
-0.06573876738548279
0.05891336873173714
0.054836973547935486
-0.014728555455803871
0.11070653796195984
0.13157130777835846
0.02790774405002594
0.06661699712276459
-0.059616442769765854
-0.015902981162071228
0.060706593096256256
-0.05082245171070099
-0.06242053210735321
-0.009664653800427914
0.16829407215118408
-0.12240415811538696
0.04493004456162453
-0.07622309029102325
-0.04697286710143089
-0.02945341356098652
-0.38833653926849365
-0.0008750199340283871
0.243535116314888
0.0700656846165657
0.07387813180685043
0.1288846880197525
0.022411499172449112
-0.0036251782439649105
-0.027274783700704575
-0.0993451252579689
-0.14027823507785797
0.047207724303007126
0.1871807873249054
-0.19450397789478302
-0.12279638648033142
-0.043283529579639435
0.13152611255645752
-0.14508414268493652
0.02335726097226143
0.0009782949928194284
-0.056828711181879044
0.09503438323736191
0.07134281098842621
-0.027563028037548065
-0.16758032143115997
0.128743514418602
-0.12892861664295197
-0.09492591768503189
0.12583325803279877
-0.017250455915927887
-0.08344139158725739
-0.012171541340649128
0.01620369404554367
-0.05920183286070824
-0.0743379071354866
0.1246928870677948
-0.03179263696074486
-0.037126269191503525
0.0007360651507042348
-0.02998713217675686
0.03110390529036522
-0.035150982439517975
0.030200455337762833
-0.3036147356033325
0.15939763188362122
-0.04714052379131317
0.20444181561470032
0.10917890071868896
0.13498492538928986
0.22539439797401428
-0.12033580988645554
0.07695331424474716
0.03533516079187393
-0.034665003418922424
0.05515960603952408
-0.012188537046313286
0.048154234886169434
0.08008696138858795
-0.10767930001020432
0.09962474554777145
0.028775256127119064
-0.2057424634695053
0.1643691509962082
0.02567809820175171
0.15564943850040436
-0.14426138997077942
0.16306611895561218
-0.0862152948975563
0.054746363312006
-0.10204785317182541
-0.04998103156685829
0.030666785314679146
0.19990845024585724
0.31951040029525757
0.029382986947894096
-0.1046450063586235
0.13205309212207794
0.03244876116514206
-0.07580041140317917
-0.21146243810653687
0.06791993975639343
0.017224354669451714
0.017843179404735565
-0.045677997171878815
-0.11595230549573898
-0.07409008592367172
0.005987647920846939
0.15674351155757904
0.2399415373802185
-0.06074421480298042
0.04386337101459503
0.025756483897566795
-0.0008197782444767654
0.014138304628431797
-0.009869225323200226
0.057660747319459915
-0.09205318987369537
0.005149888806045055
-0.16208183765411377
0.006237652152776718
-0.039301998913288116
0.08379604667425156
0.1422146111726761
0.049789417535066605
0.08559972047805786
0.007343353237956762
0.09368519484996796
0.11794889718294144
0.11219870299100876
-0.23218661546707153
0.10686316341161728
-0.08726987987756729
0.054822418838739395
-0.13866469264030457
-0.014172708615660667
0.17817576229572296
0.02995089814066887
-0.15259847044944763
0.2228013277053833
-0.01525146048516035
0.030416158959269524
-0.04038203880190849
0.05376283451914787
0.06961072236299515
0.09029407054185867
0.14683032035827637
0.16971981525421143
0.35141921043395996
0.05397455021739006
0.11062013357877731
0.12042081356048584
0.16199661791324615
-0.0780721977353096
-0.1489887535572052
0.04841432347893715
0.03270040452480316
-0.0070902444422245026
0.09309316426515579
0.03563013672828674
0.023349547758698463
0.35770365595817566
-0.03479183092713356
0.005797769408673048
-0.031558383256196976
-0.12630175054073334
0.09186314791440964
-0.047206904739141464
0.0690889060497284
-0.03870263695716858
0.045986358076334
-0.08042332530021667
0.09417162835597992
-0.13584846258163452
0.07661178708076477
0.24813292920589447
-0.11585742980241776
-0.14064335823059082
-0.3107784688472748
0.31117385625839233
0.028657613322138786
0.0581616573035717
0.09147839993238449
-0.022109895944595337
0.2585824728012085
-0.17249204218387604
0.06988374143838882
-0.0044343615882098675
0.0631331205368042
0.2006104290485382
-0.0009281352395191789
0.2193869650363922
0.028796354308724403
0.03991466388106346
0.08565619587898254
0.10668163001537323
0.08522611856460571
-0.018474508076906204
0.11361164599657059
0.09467646479606628
-0.06522762775421143
-0.03604863956570625
0.15380237996578217
-0.209720179438591
0.027524996548891068
-0.2328568696975708
-0.0542074553668499
0.13748952746391296
0.05724697187542915
0.023191427811980247
-0.0378941185772419
-0.039321545511484146
-0.05453183874487877
-0.09140712022781372
-0.03908739238977432
0.026772700250148773
0.1504875272512436
0.0082483422011137
-0.05139832943677902
-0.019487446174025536
0.09035571664571762
-0.054555002599954605
0.12105013430118561
0.014380939304828644
-0.06016325205564499
0.08509510010480881
0.0419948473572731
-0.1553908735513687
0.158874973654747
-0.1234317421913147
0.19515487551689148
0.0896078571677208
0.017643559724092484
0.14873376488685608
-0.18260398507118225
0.09172674268484116
-0.2604638338088989
-0.07419337332248688
0.1402774602174759
-0.1276901215314865
0.014863497577607632
0.15220777690410614
-0.07897641509771347
0.061222273856401443
0.21820299327373505
-0.1538349837064743
-0.006612764671444893
-0.014735848642885685
0.07634036988019943
0.01947353594005108
0.03188704699277878
0.08983553946018219
0.04137863963842392
0.1523943692445755
-0.010334379971027374
-0.12638024985790253
0.1361461579799652
-0.0711544081568718
0.02696256712079048
-0.042514342814683914
-0.07771556079387665
0.0756026953458786
0.015994904562830925
0.02389419823884964
0.014595232903957367
-0.002216411055997014
0.10841499269008636
0.03265061974525452
-0.15142963826656342
0.07527756690979004
-0.024942202493548393
0.18203042447566986
0.032044418156147
-0.10036315023899078
0.1451641470193863
0.08177997171878815
-0.12614484131336212
0.13943476974964142
0.2540011703968048
-0.051505617797374725
-0.02078290842473507
0.11302058398723602
-0.26132187247276306
0.08441326767206192
0.1266034096479416
-0.11828267574310303
0.09204967319965363
-0.0881953239440918
0.0049908347427845
0.0787859633564949
0.17488636076450348
0.08738280087709427
0.06281891465187073
-0.06992459297180176
-0.05663103610277176
-0.07271624356508255
-0.050536904484033585
-0.09304961562156677
0.0035751124378293753
-0.15462659299373627
-0.16592811048030853
-0.07268475741147995
-0.0434262678027153
-0.10186991840600967
-0.02377498894929886
-0.2005528211593628
-0.021991167217493057
-0.2386484593153
0.045728396624326706
0.09441876411437988
-0.13870592415332794
-0.004580978769809008
0.2235371619462967
-0.14142867922782898
-0.04868724197149277
-0.09398578852415085
0.16338281333446503
-0.09106627851724625
-0.11251834779977798
0.030381642282009125
-0.09333755820989609
0.0033684000372886658
0.0537264347076416
0.07761300355195999
-0.03481739014387131
-0.06063507869839668
-0.05208101496100426
0.11748426407575607
0.17243048548698425
-0.07353624701499939
-0.10794325917959213
0.07417862117290497
-0.02884107641875744
0.1218983456492424
0.1097467839717865
0.18758228421211243
-0.13282927870750427
0.11063967645168304
0.1467330902814865
-0.09434407204389572
-0.06035851314663887
-0.10991211980581284
0.09693238884210587
-0.02196168527007103
0.0037180441431701183
-0.02573995478451252
0.09682050347328186
0.25923848152160645
-0.11213036626577377
0.3176535665988922
-0.1444374918937683
0.06721378862857819
0.13538587093353271
0.009799870662391186
-0.18532036244869232
0.061792828142642975
-0.08349938690662384
-0.059123579412698746
-0.00981332827359438
-0.076011061668396
0.11237368732690811
0.2607429623603821
-0.060463182628154755
-0.013539993204176426
-0.07338292896747589
-0.1303461641073227
0.03635695204138756
-0.03541624918580055
-0.1271088719367981
0.17016108334064484
-0.12869320809841156
-0.08060797303915024
-0.09068311750888824
0.19903384149074554
0.16654548048973083
0.16223300993442535
-0.04144639894366264
-0.24210013449192047
-0.13102824985980988
0.17831985652446747
-0.13870011270046234
0.040853243321180344
-0.10394997149705887
-0.05263904482126236
-0.1119767427444458
0.08338460326194763
-0.036034032702445984
0.11647739261388779
-0.08028122037649155
0.13142411410808563
0.12313307821750641
-0.216988667845726
-0.01640019565820694
0.2796863317489624
-7.356074638664722e-05
-0.09215429425239563
0.1064276173710823
0.023884397000074387
-0.08933194726705551
-0.1904449313879013
-0.03426637127995491
-0.025057516992092133
-0.0702793300151825
0.07988675683736801
0.31838521361351013
0.011537414975464344
-0.1015884205698967
-0.039921440184116364
0.10829278826713562
0.12608221173286438
0.10072935372591019
0.09447058290243149
0.13019081950187683
0.12277230620384216
-0.1056094616651535
0.08389146625995636
-0.021506644785404205
0.033447764813899994
0.01538994163274765
-0.08963431417942047
-0.02917930856347084
0.1073208898305893
-0.07306165993213654
0.0417504608631134
0.03372878208756447
0.20241950452327728
-0.22913990914821625
-0.18513382971286774
0.045128531754016876
0.15159505605697632
0.13801763951778412
0.028275636956095695
-0.055914368480443954
-0.14467720687389374
-0.007975532673299313
0.07894746214151382
0.17307652533054352
0.05556154623627663
-0.008929532021284103
0.015586590394377708
-0.07614725083112717
0.19244420528411865
-0.04767942801117897
0.06757169961929321
-0.15696194767951965
0.3478289842605591
-0.050437528640031815
0.13347773253917694
-0.07671083509922028
0.23785081505775452
0.07938448339700699
-0.0012744468403980136
-0.07351063936948776
0.06621666997671127
-0.223868265748024
0.15516850352287292
-0.055461760610342026
-0.0067263999953866005
-0.2840496003627777
-0.06842838227748871
0.07254823297262192
-0.01084602065384388
-0.07404410094022751
-0.20324130356311798
-0.10823977738618851
-0.0635741725564003
-0.08874506503343582
-0.022144511342048645
0.2085866928100586
0.2436688393354416
-0.3180156946182251
0.014678217470645905
0.10475030541419983
0.060185737907886505
0.13544440269470215
-0.07353976368904114
0.028323106467723846
-0.11796726286411285
0.15338966250419617
-0.1112162247300148
0.1807323843240738
0.19050781428813934
-0.3162074089050293
-0.1437520682811737
0.1809486448764801
-0.203555166721344
-0.06597507745027542
-0.04691453278064728
0.09113630652427673
-0.025482814759016037
0.1484069675207138
-0.09876721352338791
-0.0019542397931218147
-0.10758723318576813
0.02487177774310112
0.0747246965765953
-0.0048752701841294765
0.012627113610506058
-0.022380752488970757
0.06177746132016182
-0.07790855318307877
-0.012499362230300903
0.251224160194397
0.11334224045276642
-0.004864625167101622
-0.20747630298137665
-0.04953918606042862
0.009315712377429008
-0.11752841621637344
-0.059628743678331375
0.0784430131316185
-0.16307343542575836
0.15537071228027344
0.0582648329436779
0.08965722471475601
0.09980107843875885
0.06221865490078926
0.06209360808134079
0.025101032108068466
-0.1588885486125946
0.3523899018764496
-0.11550691723823547
0.11403107643127441
-0.004771435633301735
-0.05926896631717682
-0.12709543108940125
-0.080733522772789
-0.17622679471969604
-0.15522457659244537
-0.0494254045188427
0.0330544076859951
-0.1683894842863083
0.000395429931813851
0.03528394177556038
-0.07205521315336227
0.24836981296539307
-0.05199960991740227
-0.08917268365621567
0.11251980066299438
0.1663513034582138
0.12270868569612503
0.1552232801914215
0.01935252919793129
0.037964094430208206
0.069922536611557
0.07358424365520477
-0.09652112424373627
0.08131787925958633
-0.07943116873502731
0.22886158525943756
-0.03246094658970833
-0.00915507785975933
0.12346936762332916
-0.04720177501440048
-0.023922331631183624
0.13409827649593353
-0.08198672533035278
0.03371334820985794
0.027963927015662193
-0.021229127421975136
-0.17600496113300323
0.10301422327756882
0.09133025258779526
-0.015870334580540657
0.13137207925319672
-0.14274683594703674
0.004077719058841467
0.04855218529701233
-0.1183040663599968
-0.2074345052242279
0.1365681290626526
-0.24127985537052155
0.1423538476228714
0.06494463235139847
0.007892259396612644
0.042890969663858414
0.017289239913225174
0.12314020097255707
-0.10359901189804077
-0.022267356514930725
-0.26190027594566345
0.04570881649851799
-0.09336746484041214
-0.20173296332359314
-0.1771204024553299
-0.01980678364634514
-0.17784276604652405
0.011498048901557922
0.17354553937911987
0.15043219923973083
0.01189600769430399
0.030439382418990135
0.26570093631744385
-0.05473538860678673
0.029192518442869186
0.07160201668739319
0.043700557202100754
-0.012037968263030052
-0.09121258556842804
-0.001983487280085683
-0.12280235439538956
0.11338337510824203
0.18985898792743683
-0.031246675178408623
0.18231609463691711
0.21432377398014069
0.19265525043010712
0.02101033926010132
0.12148573249578476
0.02271459810435772
0.178782120347023
0.12612409889698029
0.0347435399889946
-0.013523494824767113
0.06298507750034332
-0.016337953507900238
-0.0845908671617508
0.23128661513328552
-0.0934474840760231
0.046641748398542404
-0.022905340418219566
-0.20270363986492157
-0.09161805361509323
0.14794284105300903
-0.05884366109967232
-0.0798373743891716
0.030570117756724358
-0.06560932844877243
-0.09856560081243515
-0.003173443488776684
-0.0027271094731986523
0.054444558918476105
-0.08135166019201279
-0.14701513946056366
-0.17803263664245605
-0.03714420273900032
0.11996432393789291
0.003241549711674452
0.10380839556455612
0.10333152860403061
0.03867730125784874
-0.08065470308065414
-0.23990140855312347
0.048787910491228104
0.19590134918689728
0.09409156441688538
-0.07627952098846436
-0.10284612327814102
-0.12787793576717377
-0.13315226137638092
0.06745506823062897
0.053145017474889755
0.04833327606320381
0.04916754364967346
-0.2638721466064453
-0.03990979492664337
-0.025558823719620705
-0.01078067347407341
0.024948948994278908
0.18102942407131195
-0.13773617148399353
-0.04893772676587105
0.060614991933107376
-0.024814780801534653
0.02861158922314644
0.11533518880605698
-0.22513866424560547
0.18815097212791443
0.011529996059834957
-0.010653703473508358
0.20252221822738647
-0.19766534864902496
-0.06917307525873184
0.034659918397665024
0.10004964470863342
0.0057889665476977825
-0.0839778482913971
0.004534438252449036
0.023204533383250237
0.12547147274017334
-0.023272819817066193
-0.16560502350330353
0.13800755143165588
-0.04101034998893738
-0.014603575691580772
0.15357176959514618
-0.051071979105472565
-0.10118014365434647
0.04184220731258392
0.17870259284973145
0.11100533604621887
-0.005021600052714348
-0.055379994213581085
0.13824476301670074
0.12359913438558578
-0.038123052567243576
0.011242972686886787
-0.017224162817001343
0.017763759940862656
-0.03909037634730339
0.05843440070748329
-0.16793112456798553
0.07910872995853424
-0.0038767969235777855
0.03438396006822586
-0.14470216631889343
-0.07164780795574188
-0.02813430316746235
-0.13065499067306519
0.12169715017080307
-0.10532595962285995
-0.09312620013952255
0.04986947402358055
0.01565208099782467
-0.015648234635591507
0.076041080057621
-0.07028630375862122
-0.03614259883761406
0.07827073335647583
-0.06747792661190033
-0.05648010969161987
-0.06131608411669731
0.009295047260820866
-0.08869308233261108
-0.11608008295297623
-0.028968684375286102
0.12502284348011017
0.13557280600070953
-0.09495978057384491
0.08727516978979111
0.06580744683742523
0.035805005580186844
-0.11377215385437012
0.05609986558556557
-0.09933049231767654
-0.01376044936478138
0.1255534142255783
0.22957120835781097
-0.12936823070049286
-0.11256489157676697
-0.018774960190057755
0.005623767618089914
-0.02551797777414322
-0.056387633085250854
0.16395899653434753
-0.016135236248373985
-0.2894318103790283
0.08088167756795883
0.07579200714826584
-0.11985426396131516
0.1489473581314087
-0.11681205779314041
0.004937848541885614
-0.07293014228343964
-0.012203728780150414
-0.3113670349121094
0.021545136347413063
-0.010643955320119858
0.03559821471571922
0.07832084596157074
0.04277851805090904
0.05065988376736641
-0.14077052474021912
-0.029703903943300247
0.2008790522813797
-0.006243564188480377
-0.11542239040136337
-0.0006914983387105167
-0.1200447753071785
-0.05694914236664772
0.08126649260520935
