-0.04493975639343262
0.052475545555353165
-0.0768948420882225
-0.056824710220098495
0.060567621141672134
0.039967186748981476
0.029030252248048782
-0.16509686410427094
0.20727546513080597
0.4574925899505615
0.0669112354516983
-0.08155447244644165
-0.060057781636714935
0.036231983453035355
0.05584030970931053
0.13837680220603943
-0.05219214782118797
0.15881915390491486
0.09353667497634888
0.03422173857688904
-0.006107567809522152
0.010101811029016972
-0.062063999474048615
-0.026107121258974075
-0.011497488245368004
0.07263632118701935
0.18682825565338135
-0.019769705832004547
-0.042385034263134
-0.007417717948555946
-0.06366162747144699
-0.03720363602042198
