-0.1261155605316162
0.1259809285402298
-0.14185328781604767
0.45813098549842834
-0.07127620279788971
0.14883458614349365
0.11044057458639145
-0.7318043112754822
0.004592165816575289
-0.06305916607379913
-0.34429240226745605
-0.643098771572113
-0.19059549272060394
-0.6223207116127014
-0.11835306137800217
-0.3531869053840637
-0.23752957582473755
-0.3022485077381134
-0.24381136894226074
0.14742375910282135
0.0421595461666584
-0.017917204648256302
0.198533296585083
-0.43089020252227783
0.5789259076118469
-0.13518944382667542
-0.18099869787693024
0.46856844425201416
-0.07103970646858215
-0.41500145196914673
-0.12526099383831024
0.17508135735988617
0.5565363764762878
-0.07373133301734924
0.08514078706502914
0.46614623069763184
-0.11928271502256393
0.14075705409049988
-0.05611654371023178
0.5172378420829773
-0.036821942776441574
-0.324817031621933
-0.05970939248800278
-0.2157440334558487
-0.308558851480484
-0.318806916475296
-0.3779818117618561
-0.22902488708496094
0.4675980508327484
-0.571699857711792
-0.20811398327350616
0.32493317127227783
-0.42756369709968567
-0.09427575021982193
0.4994158148765564
0.046583130955696106
-0.1806185096502304
0.4494166374206543
0.03442232683300972
-0.05747096613049507
0.27836278080940247
-0.1170816645026207
-0.023175250738859177
0.2593858540058136
0.06734271347522736
0.3428928554058075
-0.18173129856586456
-0.29405438899993896
-0.07785357534885406
-0.05329266935586929
-0.2466384917497635
0.12926480174064636
-0.028231561183929443
-0.0659780278801918
0.1010432094335556
-0.3537895679473877
-0.3134987950325012
-0.4512854218482971
0.18155437707901
-0.0646260604262352
-0.12645335495471954
-0.3781922459602356
-0.31122249364852905
-0.013354361988604069
-0.2383536398410797
0.016343945637345314
-0.18415379524230957
-0.4738781154155731
-0.0363638773560524
0.3135366439819336
-0.3570840358734131
-0.19986523687839508
0.5209349989891052
-0.3564319312572479
-0.25081178545951843
-0.07834312319755554
-0.4349762201309204
-0.18248052895069122
0.3058488070964813
0.06868617236614227
0.36898791790008545
0.18221867084503174
-0.6200554370880127
0.0032055284827947617
-0.14669126272201538
-0.2524124085903168
0.6247276067733765
0.17216840386390686
0.2074773907661438
0.16964484751224518
-0.35351622104644775
-0.6178507804870605
0.24944521486759186
-0.390668660402298
0.13531483709812164
-0.11884055286645889
-0.20476479828357697
0.06436790525913239
-0.06686302274465561
0.10654851794242859
-0.2446102350950241
-0.002411369699984789
-0.004746110178530216
0.31845882534980774
0.13228416442871094
0.48700398206710815
0.3931674063205719
0.2602742314338684
-0.18557092547416687
0.20818687975406647
0.08162149041891098
-0.27727261185646057
-0.0414147824048996
0.41686195135116577
-0.013489125296473503
0.35890066623687744
0.29289913177490234
0.43454989790916443
-0.07018014788627625
0.2730444669723511
0.26773130893707275
-0.2365684062242508
0.5099307298660278
-0.1429986208677292
-0.3831811249256134
0.27581173181533813
-0.436671644449234
-0.04267588630318642
-0.22388984262943268
0.29558882117271423
-0.06336889415979385
-0.17409196496009827
0.1534317284822464
0.2229391634464264
0.4206646680831909
-0.3623151481151581
0.10348699241876602
0.5354081392288208
0.07290686666965485
-0.09121073782444
0.0998941957950592
-0.01884620264172554
0.5598006844520569
-0.024725235998630524
0.03416087105870247
0.31082624197006226
0.09179922938346863
0.08170151710510254
-0.10118445008993149
0.061505213379859924
0.3366169035434723
0.15152645111083984
-0.25119438767433167
-0.19888296723365784
0.309287965297699
0.3918800354003906
-0.2035999298095703
-0.03381805494427681
-0.11644487082958221
-0.08523464947938919
0.17910800874233246
-0.24773858487606049
-0.35659337043762207
-0.14279967546463013
0.09008433669805527
0.26117539405822754
-0.3678150475025177
-0.05425068736076355
0.13167530298233032
0.7345399856567383
-0.1693156659603119
0.3159993588924408
-0.036221932619810104
0.007957049645483494
-0.2977505028247833
-0.31958329677581787
-0.05603340268135071
-0.1967465877532959
-0.09552029520273209
0.04099670425057411
-0.17746460437774658
0.3990093767642975
-0.3327709138393402
-0.018256811425089836
-0.36289432644844055
0.1430523544549942
-0.012862268835306168
-0.09499353170394897
-0.09837722778320312
0.29368847608566284
0.157719686627388
-0.23733019828796387
0.6811241507530212
-0.015426167286932468
0.57734215259552
0.009581438265740871
0.5235742926597595
0.10767365992069244
-0.43568843603134155
-0.5415134429931641
-0.06389156728982925
0.4120144546031952
0.289006769657135
0.2555997371673584
-0.6759763956069946
-0.014292547479271889
0.40871086716651917
0.6220412850379944
-0.23320208489894867
-0.06921534985303879
0.07340581715106964
0.10406561195850372
-0.15128859877586365
-0.24818027019500732
-0.01683749072253704
0.062452711164951324
0.20421715080738068
0.15025727450847626
0.020382042974233627
0.45279350876808167
-0.3236943483352661
-0.23712238669395447
0.389503538608551
-0.31518200039863586
0.4918942153453827
-0.14311490952968597
-0.1075511947274208
0.3707825243473053
0.08209328353404999
-0.297952800989151
0.23268961906433105
0.2561752200126648
0.36622706055641174
-0.4082375168800354
0.24247969686985016
0.16834937036037445
0.0016479076584801078
-0.4013838469982147
0.26547563076019287
-0.4015343487262726
-0.1794855147600174
-0.11064550280570984
0.24857835471630096
0.06729085743427277
0.4670597016811371
-0.14987625181674957
-0.19782887399196625
-0.44595226645469666
-0.39158812165260315
-0.5034096837043762
-0.4914171099662781
0.41015833616256714
0.31948530673980713
0.21952778100967407
0.31532543897628784
-0.5278458595275879
0.1580280065536499
-0.3142886757850647
-0.2676759362220764
-0.18323804438114166
0.062300555408000946
0.09563230723142624
0.11932987719774246
-0.00045401035458780825
-0.0077961888164281845
-0.37217196822166443
0.13942144811153412
0.4977007806301117
0.2469239979982376
0.3411048948764801
-0.006338085513561964
-0.010611527599394321
0.006935217417776585
0.22442783415317535
0.01713278330862522
0.3192949891090393
-0.42931145429611206
-0.1586647629737854
0.13460597395896912
-0.11563108116388321
-0.3546455204486847
0.26507166028022766
-0.18210355937480927
0.05461173132061958
0.4163473844528198
-0.11279855668544769
-0.40620535612106323
-0.28809481859207153
-0.42059287428855896
0.3184022903442383
0.339874267578125
0.18678241968154907
0.0797576829791069
-0.1079767644405365
0.16753807663917542
-0.3086238503456116
0.1740661859512329
-0.16748055815696716
0.03497270122170448
0.07248122990131378
-0.10139776021242142
0.5950191020965576
-0.07247863709926605
-0.33739256858825684
-0.08839207887649536
-0.05339641124010086
-0.038685061037540436
0.5666448473930359
-0.44045647978782654
-0.33652934432029724
-0.23553630709648132
0.10434435307979584
0.08327383548021317
0.22324757277965546
-0.011359330266714096
0.08477824181318283
0.14876601099967957
0.13018102943897247
-0.10029341280460358
-0.1466367095708847
0.5946770310401917
0.06366606056690216
0.18014217913150787
-0.195651113986969
0.6094600558280945
-0.30198878049850464
0.04697144776582718
-0.3604084253311157
-0.26943910121917725
-0.24257799983024597
0.4538222551345825
-0.5156158804893494
0.1611851304769516
-0.17132030427455902
0.2957533597946167
0.07977733761072159
0.1908515840768814
-0.43815600872039795
-0.2756888270378113
-0.2774263620376587
0.2884977161884308
-0.030728740617632866
0.3017090857028961
-0.4261903464794159
-0.04554358124732971
-0.14028844237327576
-0.08803360909223557
0.24079057574272156
0.2657887935638428
0.040280938148498535
0.08400311321020126
-0.4554465413093567
0.20128020644187927
0.008244403637945652
0.5048983693122864
0.5790489315986633
0.35037949681282043
-0.049689486622810364
-0.4164389371871948
0.40252646803855896
-0.2331482172012329
-0.08447498828172684
0.11623340100049973
-0.012262732721865177
0.006375942844897509
0.2243342250585556
-0.34802326560020447
-0.15901914238929749
-0.3524382710456848
0.4704640209674835
0.0735211968421936
-0.20883463323116302
0.09930412471294403
-0.027031246572732925
0.06046140566468239
0.19640915095806122
0.3024454414844513
0.3537018597126007
0.28533846139907837
0.025640714913606644
0.0038672187365591526
-0.26332029700279236
-0.14582647383213043
-0.454435259103775
0.020872773602604866
-0.44344040751457214
0.41652175784111023
-0.19349753856658936
0.11441949754953384
-0.3030567765235901
0.011495349928736687
0.16205070912837982
-0.20828752219676971
-0.3530917763710022
0.16248758137226105
0.09856858849525452
0.3193821310997009
-0.16886277496814728
0.4051177203655243
-0.23852108418941498
-0.252002477645874
0.21791933476924896
0.19196833670139313
0.10088775306940079
0.05005486682057381
-0.2455979883670807
-0.035847004503011703
-0.14966720342636108
-0.003331760410219431
0.112434022128582
0.30848637223243713
-0.0383579283952713
-0.17873071134090424
-0.08245997130870819
-0.00913175754249096
0.31981196999549866
0.28819262981414795
-0.17465579509735107
0.5905420184135437
0.03404318168759346
0.046276018023490906
-0.30609551072120667
0.3502022624015808
-0.5947702527046204
-0.20375871658325195
0.05927862599492073
0.3190053105354309
-0.30074170231819153
0.00699210399761796
-0.04434691742062569
0.1638512760400772
0.25403261184692383
0.2700967490673065
0.117216557264328
0.36171677708625793
-0.17181459069252014
-0.45223742723464966
-0.4783012866973877
-0.3910580575466156
0.21618692576885223
0.35097798705101013
0.1061188131570816
-0.3324674665927887
-0.4219910204410553
0.12048720568418503
-0.36806461215019226
0.3578011095523834
0.13541875779628754
0.11760713905096054
0.11951743811368942
0.4159035384654999
-0.004242731258273125
-0.23689943552017212
-0.3202165961265564
-0.23211757838726044
-0.1901947259902954
0.380205363035202
-0.025227166712284088
-0.019603222608566284
0.09858563542366028
-0.11358650773763657
-0.3204245865345001
-0.034453462809324265
0.07967335730791092
-0.3238045275211334
0.39149588346481323
0.08656195551156998
0.16049335896968842
-0.0023245897609740496
0.13003452122211456
-0.05664893984794617
-0.494606614112854
0.1930219978094101
0.19078560173511505
0.21142245829105377
0.5303680300712585
-0.051264047622680664
0.4861445426940918
-0.15666233003139496
0.006648054346442223
0.6793663501739502
0.26442644000053406
0.511631190776825
0.3293934464454651
-0.313252717256546
-0.021321704611182213
-0.6064903736114502
-0.43315672874450684
-0.28047975897789
0.1436268538236618
-0.3763646185398102
-0.1668882668018341
0.18272185325622559
0.05020388588309288
0.12804998457431793
-0.20377381145954132
0.3252143859863281
0.4471801817417145
0.30900251865386963
-0.4314707815647125
0.5272771120071411
-0.34651750326156616
0.40296292304992676
0.2319820374250412
-0.06325248628854752
-0.16887368261814117
-0.15353551506996155
0.14028151333332062
0.017046505585312843
-0.370582640171051
-0.10666323453187943
-0.1156758964061737
0.040959928184747696
-0.6292609572410583
0.5002107620239258
-0.21741095185279846
-0.4998902380466461
-0.46656346321105957
-0.3654750883579254
-0.36695706844329834
-0.03282314911484718
0.15335780382156372
0.2457648366689682
-0.13371628522872925
-0.5194634795188904
-0.000451657542726025
0.12613971531391144
0.4626361131668091
0.3282640874385834
-0.05904525890946388
-0.1405375897884369
0.7382997274398804
-0.18764451146125793
-0.45515602827072144
-0.7617400288581848
-0.14824257791042328
0.24341416358947754
-0.19891807436943054
-0.11361730843782425
0.17286504805088043
-0.6762160658836365
0.4880349338054657
-0.09120672941207886
0.26559144258499146
0.5684794783592224
0.39918509125709534
0.31879550218582153
-0.4835646152496338
-0.024540994316339493
0.3107813596725464
-0.20206280052661896
-0.4757682979106903
0.02014373056590557
-0.2210681289434433
-0.046099141240119934
0.33452463150024414
-0.3750497102737427
0.7112816572189331
-0.04549489915370941
0.2574889063835144
0.01958340033888817
-0.0619896836578846
-0.3623966574668884
-0.0036684011574834585
-0.3117596209049225
0.5209449529647827
0.3514484167098999
-0.12317265570163727
0.00546099292114377
0.13928161561489105
0.17210547626018524
-0.3958994150161743
0.30026307702064514
-0.07944606244564056
-0.11684677004814148
-0.03847109153866768
-0.14889219403266907
-0.35431891679763794
-0.059656426310539246
0.6217815279960632
-0.01143630500882864
0.21164096891880035
0.16141822934150696
0.037765730172395706
0.22990679740905762
-0.05288202688097954
-0.01919155940413475
-0.08843138813972473
0.05816168710589409
-0.15266308188438416
0.27127209305763245
0.340737521648407
-0.16199803352355957
-0.22058629989624023
0.3469816744327545
-0.16851572692394257
0.5025599598884583
-0.2410518229007721
-0.011974901892244816
-0.46059319376945496
-0.5260312557220459
0.45174652338027954
0.23402482271194458
0.2814074456691742
0.2318483144044876
0.15279100835323334
-0.4293839931488037
0.07015284150838852
-0.07128114998340607
-0.41802677512168884
0.380559504032135
0.10499684512615204
-0.17114070057868958
0.3827228844165802
0.2288721650838852
-0.0796603411436081
0.38273340463638306
-0.09549213945865631
-0.45888328552246094
0.125104159116745
0.17291571199893951
0.2130408138036728
-0.03142961487174034
-0.06905464082956314
0.4718039929866791
-0.06994334608316422
0.3086853623390198
0.16697373986244202
0.39040568470954895
-0.02281557023525238
-0.05880185216665268
-0.19989289343357086
-0.6692830324172974
0.1772928237915039
-0.05994999408721924
-0.0805954858660698
-0.23209424316883087
0.27785202860832214
0.07658737897872925
-0.38732123374938965
-0.1245739534497261
0.19077831506729126
-0.5964832305908203
0.107415109872818
-0.20450261235237122
-0.5941227078437805
-0.46412768959999084
-0.14827223122119904
0.05053748935461044
-0.3316882252693176
-0.023041756823658943
-0.3928109109401703
0.14870919287204742
0.42320188879966736
-0.0996038168668747
-0.024321408942341805
-0.14735646545886993
-0.2584208548069
-0.161138653755188
0.04849828779697418
0.5796586871147156
0.10930564254522324
-0.29135662317276
-0.23685935139656067
0.293459951877594
-0.313096821308136
-0.14367029070854187
0.15023158490657806
-0.27578437328338623
-0.013312987983226776
-0.23175537586212158
0.7647648453712463
-0.09953893721103668
0.1939682513475418
-0.06050003692507744
-0.11889450997114182
0.010034319013357162
0.04396982118487358
-0.4030528664588928
-0.23763513565063477
-0.08291620761156082
0.10147430747747421
-0.3485628664493561
0.5271439552307129
0.043000925332307816
-0.4107217788696289
-0.2655569016933441
0.1854836791753769
-0.33257752656936646
0.17486563324928284
-0.7231840491294861
0.2071242779493332
0.35040026903152466
-0.19105690717697144
0.210293248295784
-0.3995727300643921
-0.5624834895133972
0.6055842041969299
0.20172329246997833
0.28852614760398865
-0.3871403932571411
-0.6328726410865784
0.2060929834842682
0.0074652088806033134
-0.03147777169942856
0.2630886733531952
0.03371155634522438
0.3426923155784607
0.14556200802326202
0.23585191369056702
-0.1261393278837204
-0.10186352580785751
-0.4169217050075531
0.20307838916778564
0.4230775833129883
0.3509393632411957
0.5678679347038269
-0.16294312477111816
-0.4012836217880249
0.11802464723587036
-0.002011363161727786
0.5435193181037903
0.07959037274122238
0.022729715332388878
-0.46316999197006226
0.017295554280281067
-0.2086329311132431
-0.09321258962154388
0.2974989712238312
0.15695849061012268
-0.22697803378105164
0.2613834738731384
-0.0952436774969101
0.031672634184360504
-0.3267967700958252
0.6388123631477356
-0.014037505723536015
0.0775248110294342
-0.19576038420200348
0.07285446673631668
-0.21242010593414307
0.39800384640693665
-0.4755651354789734
-0.05023152753710747
-0.154486283659935
-0.15987561643123627
0.09022579342126846
0.17575855553150177
-0.19735725224018097
0.42194101214408875
0.16120947897434235
0.38976454734802246
0.12170574069023132
-0.324594110250473
0.22082121670246124
-0.19915078580379486
-0.4558675289154053
0.5229746103286743
0.1888369619846344
0.05728776752948761
0.05505264922976494
-0.20942190289497375
0.375588983297348
0.6696395874023438
0.00822656974196434
0.6175633072853088
-0.39352333545684814
0.05492926388978958
-0.04430103674530983
-0.5946041345596313
0.29136455059051514
0.08965358138084412
0.0385478138923645
-0.5963660478591919
-0.4248312711715698
0.5674261450767517
-0.16304858028888702
-0.4732942581176758
-0.06184786930680275
-0.14795641601085663
0.3344877362251282
0.0749579519033432
0.002873480087146163
0.3178839087486267
0.07703036069869995
-0.36244136095046997
-0.11508365720510483
-0.35911834239959717
-0.3074077367782593
-0.05972883850336075
0.27241355180740356
-0.5220631957054138
-0.04597027599811554
0.02046702615916729
-0.3279142379760742
0.16859105229377747
0.21154260635375977
0.3040717542171478
-0.20282378792762756
0.39973002672195435
0.24535511434078217
0.03045172616839409
-0.0523185059428215
-0.18612219393253326
0.3527255058288574
-0.0014424045803025365
-0.33311864733695984
0.14058156311511993
-0.3953440487384796
0.18565495312213898
0.10634241998195648
-0.35144463181495667
-0.36575281620025635
0.18683214485645294
-0.013668923638761044
0.14983268082141876
-0.5238332152366638
-0.08405052125453949
-0.5220356583595276
-0.3342083990573883
-0.11146916449069977
-0.04399750009179115
-0.14226526021957397
-0.0027386131696403027
-0.037885572761297226
0.20608565211296082
-0.07971901446580887
0.3710557222366333
-0.037769969552755356
0.5200716853141785
0.18651573359966278
-0.3016592264175415
0.6205441355705261
0.32225358486175537
-0.015869371592998505
-0.1694430559873581
0.19248220324516296
0.1297948807477951
0.3962498605251312
-0.34010782837867737
0.5836081504821777
0.34737628698349
-0.013254686258733273
0.25680479407310486
0.013685951940715313
-0.24565567076206207
-0.07175596803426743
-0.2350834310054779
-0.19542694091796875
0.43773651123046875
0.5297746062278748
0.43243440985679626
0.09812694042921066
-0.009667964652180672
-0.3831734359264374
-0.08706074208021164
0.0900653749704361
0.15715737640857697
0.28553664684295654
0.09579264372587204
-0.16584530472755432
0.07211913913488388
0.9267506003379822
0.016787320375442505
-0.7044762372970581
0.5151879787445068
-0.04004162922501564
0.08305834233760834
-0.10632000118494034
0.2470845878124237
0.22940638661384583
-0.17126911878585815
0.2878284156322479
0.2904387414455414
-0.505963921546936
0.6300869584083557
-0.47755953669548035
0.4919162094593048
0.09623752534389496
-0.0026230202056467533
-0.001506937900558114
0.08367888629436493
0.13748300075531006
-0.10240018367767334
-0.08198148757219315
-0.1940605193376541
-0.4788486659526825
-0.4493493139743805
0.4198123812675476
-0.14238546788692474
-0.06083754822611809
-0.32444581389427185
0.22805041074752808
0.00123680685646832
-0.06919365376234055
0.17730537056922913
0.30843326449394226
0.31892263889312744
-0.24290461838245392
-0.14115329086780548
-0.6172122955322266
0.29209020733833313
0.6043992042541504
-0.13879099488258362
0.30054691433906555
0.1664920449256897
-0.1170637235045433
-0.1495346575975418
0.1610509306192398
0.18520736694335938
0.3808775842189789
0.015153123997151852
0.09188317507505417
-0.06489774584770203
0.1917935162782669
-0.30206412076950073
-0.030768005177378654
0.16800151765346527
-0.07757722586393356
0.036326948553323746
0.19895929098129272
-0.15348725020885468
0.025100400671362877
-0.09538114815950394
0.415057897567749
0.3079288899898529
-0.0043237218633294106
0.3498627543449402
0.130062535405159
0.1208554357290268
-0.16694359481334686
-0.17411552369594574
0.8791494369506836
0.6732674837112427
0.09108839929103851
0.37104910612106323
0.12378105521202087
-0.2931757867336273
-0.19044062495231628
-0.2302476316690445
-0.5174232125282288
0.13886253535747528
0.23559579253196716
-0.3530062139034271
-0.4667951464653015
-0.07870979607105255
-0.28218352794647217
0.093565933406353
0.04662991315126419
0.28893256187438965
0.4561954140663147
-0.4090774655342102
0.18877939879894257
0.003467163071036339
0.08026180416345596
0.01758992113173008
-0.40613144636154175
0.21437332034111023
-0.2151724398136139
0.19719330966472626
-0.04671484977006912
-0.7107945084571838
-0.00835337769240141
0.01933971606194973
-0.3322310149669647
-0.0039025458972901106
0.3137876093387604
-0.45822834968566895
-0.06226872280240059
-0.19774213433265686
-0.08517822623252869
0.111319400370121
0.4045499861240387
-0.4971370995044708
-0.042385052889585495
0.014475698582828045
-0.07290028035640717
0.2718447148799896
-0.07508202642202377
0.20721375942230225
-0.2768968641757965
0.0996522381901741
0.07711470127105713
0.10768115520477295
0.5223389863967896
-0.14677365124225616
-0.14179395139217377
0.08826477080583572
-0.12219753861427307
0.05241873487830162
0.12989415228366852
0.37679868936538696
-0.0415266714990139
0.5327770709991455
0.24322636425495148
-0.13780748844146729
0.32310032844543457
-0.2369324117898941
0.34326988458633423
-0.1414334774017334
-0.21995984017848969
-0.5408291816711426
-0.47927844524383545
-0.2534027397632599
