0.05624959245324135
0.04480034485459328
0.25222453474998474
-0.09527379274368286
-0.10175517201423645
-0.23037393391132355
0.15988025069236755
0.0771598145365715
-0.025708315894007683
0.19166985154151917
-0.11518334597349167
0.12180735915899277
-0.09316827356815338
-0.027427321299910545
0.13363933563232422
0.1542326807975769
0.15320749580860138
-0.08867362886667252
0.1515713781118393
0.044546063989400864
0.3517627716064453
0.014204383827745914
0.05699361488223076
0.14844462275505066
-0.22679367661476135
0.06840137392282486
0.0850391611456871
0.06552045792341232
-0.2136644423007965
-0.11311206966638565
0.02461162395775318
-0.015332473441958427
-0.028383739292621613
0.12875333428382874
0.1162317767739296
-0.10578524321317673
0.11313395202159882
-0.018992630764842033
0.028857966884970665
0.21761788427829742
-0.0513729490339756
-0.13728252053260803
-0.1030709370970726
0.19045132398605347
-0.02569156140089035
-0.07672861963510513
0.0927746519446373
0.22426460683345795
0.11533704400062561
-0.00652436725795269
0.09259858727455139
0.017612231895327568
-0.12424282729625702
0.14772967994213104
0.13893002271652222
-0.09681806713342667
-0.06965980678796768
0.035693176090717316
0.2434302270412445
0.003984068054705858
0.12798796594142914
0.0516388900578022
-0.15209978818893433
-0.2793430984020233
-0.10220678895711899
-0.17280833423137665
0.2619096636772156
0.13333551585674286
-0.09436823427677155
-0.12129630148410797
-0.020789144560694695
-0.10657656192779541
0.15370772778987885
0.0788625180721283
0.25737884640693665
-0.1739770621061325
-0.23246772587299347
-0.1651768684387207
0.15710464119911194
0.17453645169734955
-0.3150986135005951
-0.1471485197544098
0.2042626440525055
0.09540845453739166
0.045236602425575256
-0.04069199040532112
0.1582081913948059
-0.063900887966156
0.0038393866270780563
0.33042672276496887
0.12937931716442108
0.15468819439411163
0.18088199198246002
0.10090033710002899
-0.19806677103042603
0.1773436814546585
-0.13356567919254303
0.15164253115653992
-0.036570001393556595
0.18262746930122375
-0.09524420648813248
-0.09101717919111252
-0.11909615248441696
0.38540080189704895
-0.16211874783039093
0.058918796479701996
-0.07020916789770126
-0.03641669079661369
0.27468833327293396
0.10911410301923752
-0.09343184530735016
-0.11549904942512512
0.20681244134902954
0.04192487150430679
-0.18571841716766357
-0.25646936893463135
-0.002398859476670623
0.12254878878593445
-0.15623174607753754
0.19983306527137756
0.12480747699737549
0.09041173756122589
-0.10962370038032532
-0.013612723909318447
-0.04324009269475937
0.11018428951501846
0.1477368324995041
0.10360535234212875
-0.2884298861026764
0.1028376966714859
0.10027654469013214
0.13508298993110657
0.15637680888175964
0.2208910584449768
-0.22631224989891052
0.05690191686153412
-0.019980626180768013
-0.004678644705563784
0.10691910237073898
-0.019739631563425064
-0.27667054533958435
0.05455993860960007
-0.042785998433828354
0.09635844081640244
-0.0849786102771759
-0.005138877779245377
0.05815758556127548
0.28348666429519653
-0.19090577960014343
0.059371013194322586
0.16324785351753235
-0.17332571744918823
0.07052154093980789
0.028651516884565353
0.1904260367155075
-0.09717835485935211
-0.06354989111423492
0.09057298302650452
-0.09493675082921982
-0.022012412548065186
0.07553371042013168
-0.03576236590743065
0.07415662705898285
-0.12600043416023254
-0.04190618544816971
-0.25211361050605774
-0.03348952904343605
0.1779318004846573
0.08223199844360352
0.17369712889194489
0.042865075170993805
0.1479974091053009
-0.015679912641644478
-0.1511988341808319
0.3115070164203644
0.1632165014743805
-0.06434032320976257
0.1853189766407013
0.13664470613002777
0.10272543877363205
0.06511976569890976
0.039548445492982864
0.30185967683792114
0.26178810000419617
-0.17429862916469574
0.4770430028438568
-0.027497362345457077
0.24037687480449677
-0.020736487582325935
-0.1125720664858818
-0.15394817292690277
-0.08400177210569382
-0.07303305715322495
-0.03864530473947525
0.10087747871875763
-0.29565396904945374
0.02941523678600788
0.10385221987962723
0.10847503691911697
0.017602955922484398
-0.007352455519139767
-0.0383869968354702
-0.08307082206010818
-0.09611362218856812
-0.019814707338809967
-0.07777111977338791
-0.09994269162416458
-0.013021648861467838
-0.12061772495508194
0.04886770248413086
-0.029489364475011826
0.09398818016052246
0.00216039945371449
0.37258437275886536
0.2664308547973633
-0.1534101963043213
0.08411802351474762
0.30969324707984924
0.28103116154670715
0.1283522993326187
0.08375465869903564
-0.2142454832792282
0.08807863295078278
-0.1913711279630661
0.10249984264373779
-0.03007153980433941
0.05571448430418968
-0.23285335302352905
-0.11124125123023987
0.13266265392303467
0.2514868676662445
0.03775344789028168
0.020091570913791656
0.26193174719810486
-0.360372930765152
-0.16809837520122528
-0.09686720371246338
-0.09068773686885834
-0.02636248618364334
-0.1342376321554184
-0.0742834135890007
-0.25581079721450806
0.10996400564908981
0.0032872071024030447
0.49160632491111755
-0.043526869267225266
-0.2075740098953247
0.022975219413638115
-0.3163216710090637
-0.020072441548109055
0.16681267321109772
-0.08268127590417862
-0.08308490365743637
-0.13330498337745667
-0.12988178431987762
0.17322488129138947
-0.010020807385444641
0.08758319169282913
-0.0978592187166214
-0.0988500788807869
0.038376908749341965
-0.23464378714561462
0.004800898022949696
0.31103312969207764
0.11937060207128525
0.05651514604687691
0.0262574702501297
-0.17458011209964752
-0.20255723595619202
0.0668426975607872
-0.06975496560335159
-0.160729318857193
0.09017454087734222
-0.038735531270504
-0.13817313313484192
-0.19043566286563873
0.000241966059547849
-0.06730001419782639
-0.2632618248462677
0.2193547636270523
-0.11329613626003265
0.0582025945186615
0.25257548689842224
0.13625666499137878
-0.014166709966957569
-0.02863258309662342
-0.015222189016640186
0.11730623245239258
-0.11094576865434647
-0.006395723205059767
0.10159939527511597
0.0029780506156384945
-0.12609367072582245
0.11232735961675644
0.15986588597297668
-0.19848887622356415
-0.09342207759618759
-0.08181659132242203
0.35687923431396484
0.0831904262304306
-0.12184786796569824
-0.14334546029567719
-0.0700528472661972
0.18767046928405762
-0.04096856340765953
-0.24669454991817474
0.09830672293901443
-0.28624552488327026
-0.023646067827939987
-0.3162928521633148
0.12107715755701065
-0.07437289506196976
0.2001030594110489
-0.09020905941724777
0.006267871707677841
0.22949039936065674
-0.2280510812997818
-0.24238070845603943
-0.17462797462940216
-0.2737705111503601
-0.20132341980934143
0.13942575454711914
-0.08143604546785355
0.11862124502658844
-0.2867547273635864
-0.1083720475435257
0.11517969518899918
-0.07941241562366486
0.0677093043923378
0.19084763526916504
-0.2448463886976242
-0.2247491329908371
0.15019290149211884
0.04607376456260681
-0.05665648356080055
0.061383653432130814
0.12199321389198303
-0.24430696666240692
-0.06773769110441208
0.07857300341129303
0.06246677041053772
0.04486428573727608
-0.017995161935687065
0.2265264093875885
0.02644171565771103
-0.1052730605006218
-0.14012090861797333
0.03178343176841736
-0.1218189224600792
0.0709705501794815
0.05921987071633339
-0.02655487321317196
0.044543083757162094
-0.13528285920619965
-0.1835452765226364
-0.1848413497209549
0.2074751853942871
-0.09444580972194672
0.3957997262477875
-0.11945860087871552
0.14711260795593262
0.06824780255556107
-0.07924015820026398
-0.1568981558084488
0.25087904930114746
0.022026972845196724
-0.19623686373233795
-0.14549516141414642
-0.08644932508468628
0.2940855920314789
-0.05282023549079895
0.14879575371742249
0.2735874056816101
-0.24455557763576508
0.3761196434497833
-0.06046609207987785
-0.13299106061458588
-0.0004002847708761692
0.12496575713157654
0.00804116390645504
-0.030749177560210228
-0.21651670336723328
0.07438865303993225
-0.25317472219467163
-0.18048791587352753
-0.14308317005634308
-0.08988016843795776
-0.1363484412431717
-0.07345674932003021
-0.009770995005965233
0.0778290405869484
-0.06280943006277084
0.09955860674381256
-0.031606655567884445
0.13541723787784576
0.06485656648874283
-0.22368289530277252
-0.05811420455574989
0.10632587224245071
-0.13776586949825287
-0.04701158031821251
0.04621811956167221
-0.2504512071609497
-0.03416595235466957
-0.0402967669069767
0.157827690243721
-0.06055264174938202
-0.016773011535406113
-0.030392004176974297
-0.1719951033592224
0.22086329758167267
0.40215012431144714
-0.07946006208658218
-0.11935840547084808
0.014819140546023846
0.36691829562187195
0.21113266050815582
0.26451683044433594
-0.10632873326539993
0.14246506989002228
0.03181447461247444
0.06235625594854355
0.029037993401288986
0.022612756118178368
-0.002647075802087784
-0.11723814904689789
0.10283780097961426
0.058165960013866425
-0.08775532245635986
0.07066924124956131
-0.1287357062101364
0.24117669463157654
0.032754652202129364
-0.18956772983074188
0.06592569500207901
0.12710313498973846
0.125576913356781
-0.1031772568821907
0.2357655018568039
0.08751223981380463
0.24773818254470825
0.04249194264411926
0.1324589103460312
-0.2418978065252304
0.11116645485162735
0.2102663218975067
0.19031396508216858
-0.3132149577140808
-0.03906288370490074
0.1236439049243927
-0.018635734915733337
0.2804955244064331
0.18415038287639618
-0.1018093004822731
0.009208991192281246
0.17657990753650665
-0.31807029247283936
0.1255911886692047
-0.19946299493312836
-0.10566356778144836
-0.22515037655830383
0.04668927565217018
0.03688304126262665
-0.22086340188980103
-0.09973154217004776
0.022647304460406303
0.03723343089222908
-0.1363571137189865
0.010507293976843357
0.08174310624599457
-0.13909593224525452
0.19091354310512543
-0.05011053383350372
0.19824302196502686
0.06931731104850769
0.06255467981100082
0.13653463125228882
0.1223088875412941
-0.06726469844579697
0.128350630402565
-0.015313472598791122
-0.08359012007713318
0.0563783161342144
0.03902748227119446
-0.16403713822364807
0.02601301297545433
0.26679727435112
-0.13425979018211365
0.0029678235296159983
-0.07364057749509811
-0.17471586167812347
-0.0465606227517128
0.1007261797785759
0.020232228562235832
0.2116415947675705
0.15196238458156586
-0.11440064758062363
-0.04141071066260338
0.31307896971702576
0.5672546029090881
-0.09095875918865204
0.05147411301732063
0.10978645086288452
-0.23497320711612701
0.04978755861520767
0.24849624931812286
-0.30594050884246826
0.09978672116994858
-0.08261694014072418
-0.08952704817056656
-0.03970324620604515
-0.1334967315196991
0.28782421350479126
-0.2412901073694229
0.05159340053796768
0.2239028960466385
-0.1712639033794403
0.05017460882663727
0.03741654008626938
0.02021617814898491
-0.09479127079248428
0.14152546226978302
0.3068534731864929
-0.0014830821892246604
-0.15615256130695343
-0.15369288623332977
0.1420857012271881
-0.08739122003316879
-0.0681161880493164
-0.18192705512046814
-0.1725269854068756
0.1604844033718109
0.3487466275691986
0.295771062374115
-0.16361793875694275
0.0694848895072937
0.04747503250837326
0.3019900918006897
-0.04095496982336044
0.09933533519506454
0.19234241545200348
-0.004112715367227793
0.2683134377002716
-0.1194896250963211
0.013035659678280354
-0.12189289182424545
0.08055195957422256
0.3711588680744171
0.09230059385299683
0.3395159840583801
0.2779630124568939
0.014369160868227482
0.12665976583957672
0.0011891295434907079
0.19796371459960938
0.1539009064435959
0.052547845989465714
0.016100652515888214
0.34540697932243347
-0.10485009849071503
-0.06844797730445862
-0.10152696818113327
-0.01697281189262867
0.08250453323125839
-0.004021393600851297
0.09344948828220367
-0.06896312534809113
-0.4210033118724823
0.4828954339027405
-0.29044410586357117
0.013447879813611507
0.09904257953166962
-0.09409425407648087
-0.18497025966644287
0.0012155321892350912
-0.024448322132229805
-0.0629827007651329
-0.0004285566392354667
0.05738573148846626
-0.10018888115882874
0.02274240180850029
0.15857267379760742
0.24619153141975403
-0.13838408887386322
-0.04631682485342026
0.2484743446111679
-0.0899612084031105
0.0521310456097126
-0.02395693212747574
-0.05882266163825989
0.11052501201629639
0.046285480260849
-0.03693309426307678
0.13091535866260529
-0.05035507306456566
0.1023474931716919
0.10780012607574463
0.14655034244060516
0.31114131212234497
0.02325606532394886
0.23082950711250305
-0.04892473295331001
0.14404606819152832
0.08605644851922989
0.13047824800014496
0.16640381515026093
0.2963702380657196
0.08947449922561646
0.11184897273778915
-0.002335229190066457
-0.11632946878671646
-0.09823215752840042
0.1559658646583557
0.16698071360588074
0.08732659369707108
0.1717909425497055
-0.07144970446825027
-0.12669731676578522
0.014660836197435856
0.046846792101860046
0.1744491457939148
0.15095628798007965
0.0013363623293116689
0.07732892036437988
0.03372827544808388
-0.06902831792831421
-0.10878162831068039
0.008105313405394554
-0.01457747258245945
-0.17536775767803192
0.08884553611278534
-0.18429434299468994
0.10188031196594238
0.09603038430213928
-0.03277304768562317
0.08239850401878357
-0.08246296644210815
-0.06069128215312958
-0.049033038318157196
0.04848000779747963
0.022854827344417572
0.0639803409576416
0.03202786669135094
-0.33262917399406433
-0.1865253746509552
-0.24556834995746613
0.1325453221797943
-0.06648966670036316
0.09983987361192703
0.30172616243362427
-0.3607780337333679
-0.34682366251945496
-0.08462780714035034
-0.025484686717391014
-0.04439210146665573
-0.20146708190441132
-0.10586763173341751
0.1152450367808342
-0.07561096549034119
-0.1119004487991333
-0.0280488058924675
0.20239567756652832
0.036731213331222534
-0.16259129345417023
-0.07481025904417038
-0.07386994361877441
0.1245945543050766
0.2131100296974182
-0.1839236468076706
-0.027789870277047157
-0.204844132065773
-0.22366659343242645
0.05965359881520271
-0.010637897066771984
0.07853847742080688
0.14390748739242554
-0.14463889598846436
0.02248041145503521
0.03246581181883812
0.2808953821659088
0.2911771535873413
0.34402069449424744
0.2447497844696045
0.2616842985153198
0.05731121823191643
0.05518338084220886
0.14738935232162476
0.025636963546276093
-0.17090116441249847
0.16104266047477722
0.26279157400131226
0.10349835455417633
0.13412871956825256
-0.1676338165998459
0.3221413493156433
-0.125735342502594
0.05976879969239235
-0.019211938604712486
-0.020382780581712723
-0.08114612102508545
0.03369435667991638
0.10159412771463394
0.10597144067287445
0.3717696964740753
-0.09716401249170303
-0.06923291087150574
0.10702584683895111
-0.026237495243549347
0.05168350785970688
-0.014714538119733334
0.07223416864871979
0.14566460251808167
-0.02612178772687912
0.08771251142024994
0.2817682921886444
0.3246641755104065
0.051903724670410156
-0.0057309456169605255
-0.07747244834899902
-0.10524512082338333
0.3032390773296356
-0.0394282191991806
-0.05722914636135101
0.22375842928886414
-0.2411920130252838
0.27068349719047546
0.00481955474242568
0.04708800092339516
-0.033486220985651016
0.14611099660396576
-0.10495774447917938
0.2748052477836609
0.11217660456895828
0.03059575892984867
-0.20300622284412384
0.1895444244146347
-0.2124234288930893
-0.16937963664531708
0.05333700031042099
-0.05381493642926216
0.02623612806200981
0.11277808994054794
-0.16831642389297485
-0.012959111481904984
0.11799383908510208
0.41634348034858704
0.21442775428295135
0.08425877243280411
0.24160252511501312
-0.03894837573170662
-0.19431374967098236
0.09836382418870926
-0.2702859342098236
-0.00306832161732018
0.055926449596881866
0.14850999414920807
-0.25022831559181213
0.1062416136264801
-0.02747882902622223
0.03286600112915039
0.059482719749212265
0.08557301759719849
0.0011706490768119693
-0.15554873645305634
0.05019686371088028
-0.16118140518665314
-0.4287101924419403
0.21482087671756744
0.13477075099945068
-0.010470121167600155
0.0017719381721690297
-0.14730782806873322
0.08175432682037354
-0.18801914155483246
0.20021271705627441
0.05017036944627762
0.1416526585817337
0.23396366834640503
0.12075039744377136
-0.22099611163139343
-0.08770119398832321
-0.08380330353975296
-0.10022815316915512
-0.11904443800449371
0.10792979598045349
0.05499231815338135
-0.14488211274147034
0.10770823061466217
0.08427999168634415
-0.11889435350894928
-0.04401593282818794
0.055706340819597244
0.054519448429346085
-0.0469532273709774
-0.04778242111206055
-0.2687694728374481
0.10187789052724838
0.002062814077362418
-0.05726324021816254
0.03408614546060562
0.07424739748239517
0.18457159399986267
-0.1091027483344078
-0.133503258228302
0.18123136460781097
0.14754191040992737
-0.07341640442609787
0.09150771796703339
-0.2075900137424469
-0.04542739316821098
0.09794486314058304
0.03711733594536781
-0.032074764370918274
-0.09070009738206863
0.12843121588230133
-0.07765578478574753
0.07540185004472733
0.28626760840415955
0.06664730608463287
-0.060894932597875595
-0.045117150992155075
-0.026672907173633575
-0.22445671260356903
0.023530449718236923
-0.2212759256362915
-0.20406199991703033
-0.0045779081992805
0.02076234109699726
0.08885101974010468
-0.09601889550685883
0.13295255601406097
-0.18085233867168427
-0.0473041757941246
-0.043224699795246124
0.14173603057861328
0.113407202064991
0.19993574917316437
-0.25198861956596375
0.18753957748413086
-0.06693911552429199
0.1661076694726944
-0.032073285430669785
0.014767411164939404
-0.0010393178090453148
-0.10862139612436295
0.14769437909126282
0.08546842634677887
0.04250234737992287
0.1431848257780075
0.0597865954041481
0.14118614792823792
-0.0400986447930336
-0.027527140453457832
0.021061714738607407
-0.1404665857553482
-0.03904591128230095
0.12024874985218048
0.15691430866718292
-0.04737366735935211
-0.18610894680023193
-0.04711424559354782
-0.1592196822166443
-0.09819997847080231
-0.0474071130156517
-0.03837032988667488
-0.2535969614982605
-0.18695297837257385
-0.0015091033419594169
0.035292334854602814
-0.13681408762931824
0.01735871657729149
0.029276816174387932
0.16185759007930756
-0.1275939792394638
-0.29217156767845154
0.13250242173671722
0.15324780344963074
-0.1820724755525589
-0.04424703121185303
-0.08851253986358643
-0.057254523038864136
-0.06583504378795624
0.2763500213623047
0.19002622365951538
-0.3769069314002991
-0.103687584400177
0.18359407782554626
-0.11931943148374557
0.07082631438970566
-0.07948234677314758
-0.17431730031967163
0.16446751356124878
0.14580363035202026
-0.07586042582988739
-0.14088046550750732
0.11819218099117279
0.08392733335494995
-0.11028580367565155
0.024036357179284096
0.005363402422517538
0.06633882224559784
-0.16712810099124908
-0.20014454424381256
0.20073090493679047
-0.1029893010854721
0.09331156313419342
0.0018383567221462727
0.0008339764317497611
0.11850207298994064
0.059696126729249954
0.04371665418148041
-0.02135700359940529
-0.12821735441684723
0.03890538960695267
-0.06054605916142464
-0.014623510651290417
-0.034895140677690506
-0.036665719002485275
-0.15008346736431122
-0.009445496834814548
0.1093875989317894
-0.0322556346654892
-0.061075352132320404
0.06583143770694733
0.018098002299666405
0.028983578085899353
0.023294584825634956
-0.18842492997646332
-0.03468999266624451
0.08578014373779297
0.11792132258415222
0.07968582212924957
-0.06300510466098785
0.12889212369918823
-0.22843192517757416
-0.334136962890625
-0.09826619178056717
-0.017718777060508728
0.08221622556447983
-0.12727029621601105
0.08496005088090897
0.22743643820285797
-0.0853109285235405
-0.24018464982509613
0.02050021104514599
0.07670866698026657
-0.3204721510410309
0.07230839133262634
0.13015387952327728
-0.06896703690290451
0.05848091468214989
0.109447181224823
0.3405899405479431
-0.06389955431222916
0.2836760878562927
0.03487907350063324
0.044354721903800964
0.12178585678339005
-0.1462094634771347
0.017537975683808327
0.1858186572790146
-0.0920753926038742
0.06576512008905411
-0.21468526124954224
-0.14964435994625092
0.012824106961488724
0.18026433885097504
-0.021732864901423454
-0.02337578870356083
-0.020870443433523178
0.21736985445022583
-0.24728406965732574
-0.12595300376415253
0.13227279484272003
0.03492647409439087
0.1305333375930786
-0.23051396012306213
0.13510656356811523
0.0975271612405777
-0.007784624584019184
0.2438577562570572
-0.22179067134857178
0.2183457314968109
-0.001408096868544817
0.04819013923406601
-0.06148044764995575
0.29424649477005005
0.08006609976291656
0.08291856199502945
0.1096324622631073
-0.16621658205986023
0.004007318057119846
0.1238001361489296
0.03313053771853447
-0.04528234526515007
0.023531761020421982
-0.029845722019672394
-0.08591887354850769
-0.2577231824398041
-0.2791048586368561
0.20790496468544006
0.08098489791154861
-0.083829864859581
0.15051069855690002
0.10766208171844482
-0.20906013250350952
0.1157238632440567
0.14109158515930176
-0.11814648658037186
0.04392681643366814
-0.03908955305814743
0.15921171009540558
0.22038352489471436
-0.3032984137535095
0.11658456921577454
-0.00889404397457838
-0.07575563341379166
-0.1904269903898239
0.07199135422706604
-0.20523525774478912
-0.06838695704936981
0.05219785496592522
-0.02254519611597061
0.008114107884466648
-0.14318187534809113
0.021405907347798347
0.23092448711395264
0.14998014271259308
-0.04245305806398392
0.07403548806905746
0.09836364537477493
-0.3717692792415619
0.23241251707077026
0.013667784631252289
-0.2834460735321045
-0.030712123960256577
0.024937991052865982
-0.034741487354040146
-0.059471238404512405
0.1368878036737442
0.07852039486169815
0.01781577430665493
-0.25664710998535156
-0.26476341485977173
0.0874393954873085
0.1435536891222
-0.0319005623459816
-0.21002285182476044
-0.1558665633201599
-0.14873775839805603
-0.038318999111652374
0.3053327798843384
0.06811198592185974
0.19186310470104218
0.12986259162425995
-0.26634883880615234
-0.08353866636753082
-0.13563433289527893
-0.06614097952842712
0.03857286274433136
-0.03931368514895439
-0.014148715883493423
-0.2725415825843811
0.11971814185380936
-0.0676560327410698
0.3054499328136444
0.0827939435839653
0.0003512822149787098
-0.2308674305677414
-0.11066633462905884
0.0688624382019043
-0.08602330088615417
0.042761240154504776
-0.20491145551204681
0.0460098534822464
0.02125035598874092
-0.06319992989301682
0.026106111705303192
-0.06485392153263092
0.34661486744880676
-0.1518699675798416
-0.08595520257949829
0.3162940442562103
0.07060280442237854
0.2237594574689865
0.24144601821899414
-0.032125383615493774
-0.1699123978614807
0.18203595280647278
0.3604297339916229
0.1388970911502838
0.29589301347732544
0.07303357124328613
0.31431302428245544
0.04514864459633827
0.29279986023902893
-0.03541434556245804
0.08593548089265823
-0.07783682644367218
-0.06420093029737473
0.015299630351364613
0.16241538524627686
-0.07197140902280807
-0.4099110960960388
-0.14661899209022522
0.3223148286342621
-0.051342904567718506
-0.21072202920913696
-0.033599283546209335
-0.19436900317668915
-0.11566152423620224
-0.11029597371816635
0.10454034805297852
0.09721029549837112
-0.0015917695127427578
-0.1690032184123993
0.12758561968803406
-0.04039613902568817
-0.12110964953899384
0.07894544303417206
0.046564824879169464
-0.020238270983099937
-0.012919984757900238
0.19219599664211273
0.009923397563397884
0.28503555059432983
0.09515655040740967
0.1562645584344864
-0.04245518893003464
-0.08972837775945663
0.3476093113422394
0.017270132899284363
-0.17723652720451355
0.17600712180137634
-0.1441412717103958
0.06952011585235596
0.1722113937139511
-0.028287917375564575
0.06295288354158401
0.12216319888830185
-0.10735253244638443
-0.028863729909062386
0.14110879600048065
-0.04460364207625389
0.1625761240720749
-0.09867934137582779
0.09787485003471375
0.25283151865005493
0.07059752196073532
0.05958103388547897
-0.045561011880636215
-0.023264778777956963
-0.020997798070311546
-0.24062210321426392
0.10108911991119385
0.14742295444011688
0.05222830921411514
0.14546586573123932
-0.09937677532434464
-0.14277668297290802
-0.05922907963395119
0.0742625892162323
0.008361410349607468
-0.0426299013197422
-0.03508267551660538
0.20607221126556396
-0.0083309356123209
-0.022818714380264282
-0.043508756905794144
-0.06046437844634056
-0.01893538422882557
-0.1014920100569725
-0.03918460011482239
0.10368713736534119
-0.15959526598453522
-0.024526923894882202
-0.14189475774765015
0.11413446068763733
-0.020003002136945724
-0.01536486390978098
-0.03095191717147827
0.10803908854722977
-0.006702863611280918
0.0021999115124344826
0.014225861057639122
0.26526588201522827
-0.213277205824852
-0.24607282876968384
0.013337485492229462
0.057574037462472916
0.003531269496306777
-0.11277730762958527
-0.06128530949354172
-0.07269982248544693
0.024118542671203613
-0.011393491178750992
0.0970480889081955
-0.16388116776943207
-0.18453264236450195
-0.04153560474514961
0.10794476419687271
-0.05351895093917847
0.20962442457675934
-0.2954402267932892
-0.0730242058634758
0.2123199850320816
-0.06600458920001984
0.05592048913240433
0.09576965868473053
-0.01691495254635811
-0.12215568125247955
0.22737744450569153
0.07887187600135803
0.13717769086360931
0.05920599773526192
-0.05039200186729431
-0.08363468945026398
0.13669510185718536
0.06624871492385864
0.11546280235052109
0.0035242384765297174
-0.020248685032129288
0.008143573068082333
0.07585183531045914
-0.1428278386592865
-0.08431687951087952
-0.11217064410448074
0.016218535602092743
-0.32767894864082336
-0.09795375168323517
0.052079569548368454
0.29966598749160767
-0.03940277919173241
0.030874958261847496
-0.17467892169952393
-0.06397586315870285
0.16613200306892395
-0.0383937731385231
-0.07347685098648071
0.23021559417247772
0.04529201611876488
-0.2641175389289856
-0.17329692840576172
0.04013771191239357
-0.06818323582410812
0.16209985315799713
0.05244089663028717
0.40209606289863586
-0.12099452316761017
0.10651540011167526
0.02731688879430294
0.06323479115962982
-0.027650093659758568
0.02600274793803692
-0.21279874444007874
0.24028894305229187
0.10132990032434464
0.1730688065290451
0.16491663455963135
0.24644634127616882
-0.11512082070112228
0.16538190841674805
0.1835114061832428
-0.08599742501974106
0.009579780511558056
-0.2589866518974304
0.31902995705604553
0.2908337712287903
0.16053509712219238
-0.11480826884508133
0.1169968843460083
0.18738222122192383
0.01181620080024004
0.3619038462638855
-0.05995061621069908
-0.16870397329330444
0.19475246965885162
-0.040881332010030746
-0.3501562774181366
-0.24179607629776
0.17691878974437714
0.1645621955394745
0.04793744534254074
-0.03524579107761383
0.10928341001272202
0.19640880823135376
-0.0979434996843338
-0.2188943326473236
0.443119078874588
-0.07370813935995102
0.015569609589874744
-0.15424923598766327
0.11887513101100922
-0.137010395526886
-0.1986551433801651
0.3678433299064636
0.007748824544250965
-0.16764160990715027
-0.024920383468270302
-0.15665684640407562
0.059146955609321594
-0.0053897094912827015
-0.025582829490303993
-0.12881781160831451
0.1629212498664856
0.2890627682209015
-0.04475763067603111
0.20265352725982666
-0.01575835980474949
0.07113976776599884
0.2072262018918991
0.09862655401229858
0.004668625071644783
0.080411396920681
-0.16624991595745087
0.03886609897017479
-0.05751807615160942
-0.07012414187192917
-0.060040779411792755
0.3906898498535156
0.033969946205616
0.03210059925913811
0.173922598361969
0.01603722758591175
0.34131088852882385
0.14768856763839722
0.3594915568828583
0.10127000510692596
-0.04177175089716911
0.3722861409187317
0.28606438636779785
0.25481635332107544
0.12189795821905136
0.021367812529206276
0.14472360908985138
0.2404002845287323
-0.1348247230052948
0.03664148598909378
0.03383863344788551
-0.06131357699632645
0.023742467164993286
0.20820234715938568
-0.026758750900626183
0.032972030341625214
-0.18081596493721008
0.027866223827004433
0.14820526540279388
0.04678617790341377
0.057842981070280075
-0.09553594887256622
0.1414756327867508
-0.024515200406312943
0.15597495436668396
-0.12810081243515015
-0.07748912274837494
-0.12013468146324158
0.08533500134944916
0.035673923790454865
-0.19520115852355957
0.12193603813648224
0.061518244445323944
0.08093452453613281
-0.18445590138435364
-0.13711775839328766
0.1993006467819214
0.1477268487215042
0.03895340487360954
-0.009609497152268887
0.16888929903507233
-0.19096845388412476
-0.07959096878767014
0.068614162504673
0.1469443142414093
0.0014782901853322983
0.05102522671222687
-0.05720292031764984
-0.38337478041648865
-0.014192990958690643
-0.2936359643936157
-0.020180918276309967
0.13104085624217987
0.09443349391222
0.24673250317573547
-0.02564927749335766
-0.044340234249830246
-0.32393112778663635
-0.0983036458492279
-0.12116370350122452
0.029348405078053474
-0.11962718516588211
0.05023394897580147
-0.07480493187904358
0.05008551478385925
-0.2638590633869171
-0.1615232676267624
0.11168290674686432
-0.2179088294506073
0.15454326570034027
0.012530005536973476
0.056309640407562256
-0.12405131012201309
-0.13934224843978882
0.19714124500751495
-0.09457498043775558
0.24360109865665436
-0.10004041343927383
-0.4455605149269104
-0.2073153555393219
-0.16589051485061646
-0.3385089039802551
-0.08962296694517136
-0.060747433453798294
0.06935574859380722
0.10942169278860092
-0.24320197105407715
-0.11993885785341263
0.1382550448179245
0.02525358460843563
-0.15683653950691223
0.07083684206008911
-0.1800416111946106
0.07229810953140259
-0.11408810317516327
0.13289272785186768
-0.035224299877882004
0.02316722646355629
0.013040457852184772
-0.15975229442119598
0.06989520788192749
0.060388654470443726
0.14091964066028595
0.22300077974796295
-0.1221282109618187
0.038745980709791183
0.19000940024852753
0.018537476658821106
0.09481681883335114
-0.1349606215953827
-0.0010325044859200716
0.16793034970760345
-0.22259840369224548
0.17744188010692596
-0.19907627999782562
-0.12576338648796082
0.039816226810216904
0.05555228888988495
-0.21622228622436523
-0.3213227093219757
-0.021262137219309807
-0.018331455066800117
-0.11576350778341293
0.4389815032482147
-0.2186860889196396
0.07409106940031052
0.14350631833076477
-0.0034916342701762915
0.0383252277970314
-0.053288284689188004
0.32266244292259216
-0.14422233402729034
0.0033599650487303734
-0.008606498129665852
-0.20028138160705566
-0.00577589450404048
-0.025286978110671043
-0.09407266974449158
-0.09870980679988861
0.14284533262252808
-0.0845666453242302
0.05083903297781944
-0.02514592930674553
0.30381935834884644
0.05149597302079201
-0.030229877680540085
-0.11627480387687683
-0.0764111652970314
-0.09387996792793274
-0.2557774782180786
0.017568379640579224
0.11741218715906143
0.06539246439933777
0.23976333439350128
-0.0008880854584276676
-0.12712278962135315
0.048662006855010986
-0.12907172739505768
0.09222902357578278
-0.20815247297286987
0.26246508955955505
0.05246198922395706
-0.05599074065685272
-0.07535924762487411
0.10586334019899368
-0.07447699457406998
0.054536160081624985
0.005197180435061455
0.1274861991405487
-0.07992745190858841
-0.18875357508659363
-0.1524115800857544
0.13213948905467987
0.03233223035931587
0.3446494936943054
0.1934187263250351
0.06006675213575363
-0.02281789667904377
0.4305611252784729
-0.002531055361032486
-0.1221502348780632
-0.10264616459608078
0.11297111213207245
-0.22777123749256134
0.1443934142589569
-0.017800550907850266
0.1925233006477356
0.34329754114151
0.05820786952972412
0.06236804649233818
-0.24933074414730072
-0.012460269033908844
0.10051768273115158
0.010484074242413044
0.08084810525178909
-0.06645065546035767
0.09759527444839478
0.11001108586788177
0.01767287403345108
0.1507345587015152
-0.13758276402950287
-0.08155886828899384
-0.013348061591386795
-0.17344824969768524
0.12206463515758514
-0.04383683204650879
0.15537625551223755
-0.06270956993103027
