0.10728444904088974
0.3471565246582031
-0.43463051319122314
0.13197089731693268
0.06998172402381897
0.1417437344789505
-0.1487133651971817
-0.3241063356399536
-0.11227806657552719
0.19991779327392578
-0.19449803233146667
-0.0676904022693634
0.10658130049705505
-0.09259270131587982
-0.29067879915237427
0.20004874467849731
0.04453541710972786
0.0415932834148407
-0.06470943242311478
-0.21316339075565338
0.31020715832710266
0.34497037529945374
-0.5242263078689575
-0.07993683964014053
0.20229777693748474
0.39501044154167175
0.10603947937488556
0.10718245804309845
-0.08726774156093597
-0.13291560113430023
-0.00518874591216445
0.043221790343523026
-0.43033403158187866
0.1703110635280609
-0.08071106672286987
0.3454838991165161
0.17983035743236542
-0.02950907312333584
0.46982619166374207
-0.16640335321426392
0.0581386461853981
-0.4153784215450287
0.20024754106998444
-0.14565414190292358
0.17789678275585175
0.21260946989059448
0.24965724349021912
-0.2042548656463623
0.08494243025779724
0.21122191846370697
-0.1515161097049713
-0.053222522139549255
-0.052432067692279816
-0.18527752161026
0.30527886748313904
0.23788906633853912
-0.2717556953430176
0.42199450731277466
0.32088983058929443
0.12219341844320297
0.09754444658756256
-0.2124439924955368
-0.037924688309431076
0.513069748878479
0.04815862327814102
-0.32956618070602417
-0.030003229156136513
0.05617142841219902
0.005717089865356684
0.20965184271335602
0.2661820948123932
-0.26615720987319946
0.22031937539577484
-0.11076806485652924
0.338562548160553
-0.31354478001594543
-0.0047636209055781364
0.11970220506191254
-0.06292074918746948
-0.3630841076374054
0.09894191473722458
0.04132162407040596
0.10594197362661362
0.0382058247923851
-0.13962990045547485
0.11374381184577942
-0.17304249107837677
0.17347705364227295
-0.08627709001302719
-0.0429411381483078
0.03204747289419174
0.026000212877988815
-0.16712363064289093
0.2465553879737854
0.1761140376329422
0.06246500462293625
-0.2402583509683609
-0.2500866949558258
-0.13240112364292145
-0.056214604526758194
-0.17812533676624298
0.15642890334129333
0.2729417681694031
0.2978065013885498
-0.08506171405315399
0.18826352059841156
-0.34144875407218933
0.040138088166713715
-0.019101234152913094
-0.37203118205070496
0.2027958482503891
0.1533045470714569
0.03472817316651344
-0.19341117143630981
0.12680909037590027
-0.6094868183135986
0.1698683500289917
-0.07507723569869995
-0.09787673503160477
-0.16472192108631134
-0.20146425068378448
-0.18880754709243774
0.07018251717090607
0.19920824468135834
0.3882308304309845
-0.24141086637973785
0.23246726393699646
-0.19380711019039154
0.12054748088121414
-0.18577790260314941
0.4628787636756897
0.013066434301435947
0.11148127168416977
-0.04370450600981712
-0.24202202260494232
0.09700299799442291
-0.23113960027694702
0.5254231691360474
-0.02823786810040474
0.15410824120044708
-0.03415452316403389
-0.17210650444030762
0.14815478026866913
-0.19954465329647064
-0.10632355511188507
0.09236232936382294
0.14894388616085052
0.035623956471681595
-0.33645081520080566
0.07858290523290634
-0.1380528211593628
0.022460484877228737
-0.33334577083587646
0.04313012585043907
-0.19685736298561096
-0.4164664149284363
-0.10405713319778442
-0.1408349722623825
0.41776055097579956
0.0462166853249073
-0.21748106181621552
-0.2296263426542282
0.43811702728271484
0.1460428237915039
0.3498934805393219
-0.34733685851097107
-0.056452516466379166
-0.14534951746463776
0.27019670605659485
-0.2003491073846817
-0.16939415037631989
0.2193734049797058
0.15874627232551575
0.25104841589927673
0.4468952417373657
0.05389575660228729
0.19464637339115143
-0.14749611914157867
0.172625333070755
-0.35108086466789246
-0.46750858426094055
-0.0689859688282013
-0.24242042005062103
0.183729887008667
-0.3377637565135956
0.1298159807920456
0.11610566079616547
0.1612050086259842
-0.05604959651827812
-0.23969125747680664
-0.16231295466423035
0.12115925550460815
0.05623991787433624
-0.18771545588970184
-0.3928273618221283
0.46103501319885254
-0.04923640564084053
-0.3424511253833771
0.1391115039587021
0.18483860790729523
-0.6365025639533997
-0.28158921003341675
-0.14868882298469543
-0.040693413466215134
-0.28789857029914856
-0.1876843273639679
-0.18302278220653534
-0.061713557690382004
0.05507095530629158
0.32175949215888977
-0.06352350860834122
-0.12974913418293
0.13846582174301147
0.028283992782235146
0.5025033354759216
-0.08584338426589966
-0.11511661112308502
-0.04310273751616478
0.24401827156543732
-0.19264103472232819
-0.17727704346179962
-0.06394339352846146
-0.004942058585584164
0.016086047515273094
0.2857189178466797
-0.23313693702220917
-0.11122273653745651
0.07761885225772858
-0.04358513280749321
-0.0821692943572998
0.30061277747154236
0.21005454659461975
0.1373627781867981
0.2946028411388397
0.16858337819576263
-0.11320009082555771
0.25848960876464844
0.024977242574095726
-0.30504944920539856
-0.2884805500507355
0.3410514295101166
-0.10841315239667892
0.2195936143398285
0.08678258210420609
-0.059820398688316345
-0.267120897769928
0.07577726244926453
0.11045517772436142
-0.2647278308868408
-0.018320340663194656
0.12083769589662552
-0.08466174453496933
0.3624587059020996
-0.3485991358757019
0.1857820749282837
0.06526017934083939
-0.3369581997394562
-0.2503129243850708
0.3671199083328247
0.1283339411020279
0.03819745406508446
-0.2104809582233429
0.22158482670783997
-0.4557739794254303
-0.32118433713912964
-0.13045844435691833
-0.0464627780020237
0.10062901675701141
-0.1052260547876358
-0.04637988656759262
0.02000480517745018
0.1848088800907135
-0.10591691732406616
-0.06966765224933624
-0.24212883412837982
0.4099700152873993
0.24198177456855774
-0.06957516074180603
-0.3696655333042145
0.055461425334215164
-0.40466731786727905
0.537054717540741
-0.2629595398902893
0.32528647780418396
-0.20988737046718597
0.24354256689548492
0.03793393075466156
0.12282299250364304
-0.29266321659088135
-0.25604701042175293
-0.022838160395622253
0.06753871589899063
0.12843255698680878
-0.02397015132009983
0.10116608440876007
-0.1865159422159195
0.18356063961982727
-0.16506269574165344
-0.0019682159181684256
0.011140179820358753
-0.01842135563492775
-0.1619788557291031
-0.2277754843235016
0.12746718525886536
-0.2128259539604187
-0.3237662613391876
-0.13384993374347687
0.09219562262296677
0.13873979449272156
0.06735602766275406
-0.0006441081059165299
0.12520819902420044
-0.26601117849349976
0.01367201004177332
-0.0497748889029026
0.01666252687573433
-0.025681283324956894
-0.06893907487392426
0.049386825412511826
0.3446632921695709
-0.22542500495910645
0.18705491721630096
-0.25814974308013916
-0.41764533519744873
0.13883373141288757
-0.3060799539089203
0.005569904576987028
0.24995951354503632
0.14525297284126282
0.08312983810901642
0.037521883845329285
0.3104471266269684
0.30377599596977234
0.2339940369129181
-0.5025923848152161
0.37444764375686646
-0.06042914465069771
0.23705387115478516
-0.11488626897335052
-0.21454688906669617
0.2993014454841614
0.29348671436309814
-0.057234980165958405
-0.0722903162240982
-0.17791025340557098
0.024758923798799515
-0.047405391931533813
-0.20761822164058685
-0.008056001737713814
-0.15266576409339905
-0.07542996853590012
0.0727122351527214
0.15417851507663727
-0.14904306828975677
-0.032411444932222366
0.09155747294425964
0.4718901515007019
-0.1805640161037445
-0.2857547402381897
-0.2525213360786438
-0.20741839706897736
0.020659107714891434
0.2306399941444397
0.2806016802787781
0.12096986919641495
0.28249529004096985
0.15871688723564148
-0.14605607092380524
-0.2540735602378845
-0.18795566260814667
0.04729920253157616
0.09955906122922897
-0.29465779662132263
0.10957039892673492
-0.34266307950019836
0.08020529896020889
0.15712957084178925
0.14843732118606567
0.021932512521743774
-0.19918568432331085
0.22719980776309967
0.13608838617801666
-0.29744234681129456
0.04491615667939186
-0.20622102916240692
-0.39763668179512024
-0.1526906043291092
0.29698362946510315
-0.15401361882686615
0.0819438099861145
0.034452736377716064
-0.0014947070740163326
-0.1633838266134262
0.26820850372314453
-0.2762366533279419
-0.29788684844970703
-0.17927855253219604
0.3342944383621216
-0.01013247575610876
0.4165682792663574
-0.17305059731006622
-0.1947554647922516
-0.07702674716711044
0.27614825963974
0.35497748851776123
-0.04793456196784973
0.39369508624076843
0.2531232237815857
0.060606371611356735
0.018655890598893166
0.25788959860801697
0.04373987019062042
0.18962013721466064
-0.24719549715518951
-0.12516415119171143
0.011369210667908192
-0.035100337117910385
-0.30242958664894104
0.13463179767131805
0.004434672649949789
-0.0792180746793747
0.12041686475276947
-0.06799439340829849
0.10387485474348068
0.13397228717803955
-0.2910480797290802
0.33769017457962036
0.20956112444400787
-0.09539671242237091
-0.1888362467288971
-0.43506595492362976
0.030739178881049156
0.3097950518131256
0.05232606083154678
0.06584836542606354
0.30482301115989685
0.4118993580341339
-0.2472146451473236
-0.3001342713832855
0.15998096764087677
-0.08132090419530869
0.1161070317029953
0.046726249158382416
-0.1491786241531372
-0.090662881731987
0.01702047698199749
-0.05856138840317726
-0.0686279684305191
-0.07428225129842758
-0.2056708037853241
0.14149966835975647
0.45307445526123047
0.3298005163669586
-0.022357292473316193
0.35471343994140625
0.2529224455356598
0.05272059515118599
-0.028856057673692703
0.25902634859085083
-0.19146184623241425
0.464840829372406
0.21245428919792175
-0.2388160526752472
0.4041152596473694
0.013874044641852379
-0.2647576928138733
-0.18733535706996918
-0.040590234100818634
0.07252950966358185
0.08498787134885788
-0.048072606325149536
-0.03266116604208946
0.42472586035728455
-0.6163390874862671
-0.18475301563739777
0.1470915526151657
-0.29804685711860657
0.06029854714870453
0.01333605870604515
-0.23795753717422485
-0.2063925713300705
0.13281625509262085
0.22601914405822754
0.026237130165100098
-0.1469234973192215
0.05568956583738327
-0.5199788808822632
-0.0431455634534359
-0.24346324801445007
0.41531410813331604
0.05510571971535683
0.47207000851631165
0.4109320640563965
0.15432129800319672
0.32289382815361023
-0.12726184725761414
0.05328706279397011
0.02952934242784977
-0.09323721379041672
-0.23616988956928253
0.4105645418167114
0.028292793780565262
-0.6134141087532043
-0.20939989387989044
-0.23014239966869354
-0.08448246866464615
0.1816798597574234
-0.1426025927066803
0.06932854652404785
-0.30336251854896545
-0.2219335287809372
-0.06898616254329681
-0.21779505908489227
0.08132214844226837
0.11876941472291946
0.008927473798394203
-0.09405475109815598
-0.056000716984272
-0.31426528096199036
-0.20771369338035583
0.22470761835575104
0.4426162540912628
0.10389360785484314
-0.08900229632854462
-0.036934126168489456
-0.035281646996736526
-0.13123629987239838
-0.09172419458627701
-0.29674655199050903
-0.34245580434799194
0.019358713179826736
0.10589101165533066
-0.059125710278749466
0.17165067791938782
-0.3620351552963257
-0.31457415223121643
0.09300020337104797
-0.39844635128974915
0.1506534218788147
-0.22777655720710754
0.25199246406555176
-0.24883325397968292
0.19218310713768005
0.06474219262599945
-0.13278600573539734
0.45449888706207275
0.034912608563899994
0.09619257599115372
0.12522198259830475
0.06273052096366882
-0.010512742213904858
-0.09314294904470444
-0.12134796380996704
-0.23831450939178467
0.11196471750736237
0.03397642821073532
-0.07823482900857925
0.4577863812446594
0.028718186542391777
-0.17436689138412476
-0.2559683322906494
0.06395676732063293
-0.21819226443767548
0.257257342338562
0.14312899112701416
-0.15503183007240295
-0.11952804774045944
0.17907781898975372
-0.17068715393543243
-0.13286544382572174
0.02604820393025875
-0.3549211919307709
-0.09287820756435394
0.5867387652397156
-0.1881861537694931
0.09060480445623398
-0.3989940285682678
0.17967358231544495
0.40198463201522827
-0.1998051404953003
-0.06134292483329773
-0.1783808171749115
0.04549529403448105
0.06802133470773697
-0.19625705480575562
-0.18121056258678436
-0.04437202587723732
-0.06697356700897217
0.32721084356307983
0.3287861943244934
0.09497135132551193
0.2258613556623459
-0.024624573066830635
-0.28198960423469543
-0.07312802970409393
-0.10958068817853928
-0.009929902851581573
-0.2716330289840698
0.19218112528324127
0.11938595771789551
0.21061453223228455
0.07552745938301086
-0.004386871121823788
0.1418675035238266
0.08592578768730164
-0.05026321858167648
0.23948639631271362
-0.13594645261764526
0.10566361993551254
0.13595420122146606
-0.044158145785331726
-0.03416823595762253
-0.1615959256887436
-0.22847966849803925
0.056987214833498
0.23697233200073242
0.321640282869339
-0.10000893473625183
0.30402395129203796
0.10229162871837616
-0.02021406590938568
-0.0693499967455864
-0.07886216789484024
0.3893430233001709
0.0582103505730629
0.18887126445770264
-0.12349019944667816
0.1295287311077118
-0.07377229630947113
0.10171223431825638
0.2516479194164276
-0.0329439677298069
0.055813018232584
-0.07287028431892395
-0.47175636887550354
0.02103322371840477
-0.10551697015762329
-0.048330117017030716
0.03455609083175659
0.07538723200559616
0.43139219284057617
0.016064714640378952
-0.24463330209255219
0.09391438215970993
-0.012835797853767872
-0.10743048787117004
-0.21535047888755798
0.33613792061805725
-0.12056329101324081
-0.11394664645195007
-0.13921688497066498
0.49655890464782715
0.017461633309721947
0.22717463970184326
-0.19616472721099854
0.29280102252960205
0.2866266369819641
-0.2978731095790863
0.07742952555418015
-0.3744645118713379
-0.2605758011341095
-0.1678943932056427
0.05664650350809097
-0.3745485842227936
0.4121505916118622
-0.2374860793352127
-0.04012302681803703
-0.10677355527877808
0.06112029775977135
-0.06584364175796509
0.22559204697608948
-0.013059362769126892
-0.4564431607723236
-0.17878557741641998
0.026187965646386147
0.12803229689598083
0.10729934275150299
0.13348598778247833
0.10197680443525314
0.08669807761907578
0.33282271027565
-0.10469914227724075
0.14851270616054535
-0.0034397351555526257
-0.18566015362739563
0.1792839914560318
-0.028936946764588356
-0.414165735244751
-0.024962862953543663
0.02141863852739334
0.28146427869796753
0.3003295660018921
-0.2677716612815857
0.10369014739990234
-0.11131177842617035
-0.09237457811832428
0.2057981789112091
-0.24183498322963715
-0.1656770408153534
0.04522540420293808
-0.3252382278442383
-0.543746292591095
0.3478126525878906
0.29450175166130066
-0.1397431492805481
0.4266384541988373
0.17090734839439392
-0.3313996493816376
0.046574316918849945
0.19843703508377075
0.021589310839772224
-0.27238354086875916
0.06436114013195038
0.012935133650898933
-0.06239105015993118
0.0054488531313836575
0.3813885748386383
0.3596136271953583
0.09580471366643906
0.2135182023048401
0.1103912964463234
0.3614538609981537
-0.07896405458450317
0.08594541251659393
-0.11689914017915726
-0.007396826054900885
-0.06817097216844559
0.1565873920917511
-0.12406144291162491
-0.26306700706481934
-0.11166062951087952
-0.2624877691268921
-0.2782483994960785
-0.3450483977794647
0.21730247139930725
0.13431327044963837
0.38616007566452026
-0.037162892520427704
-0.11402972787618637
0.0035622669383883476
0.38435107469558716
-0.3920414447784424
0.20864424109458923
0.6276015639305115
0.03276388347148895
-0.13748762011528015
-0.009172001853585243
0.12500791251659393
0.12807758152484894
0.008029571734368801
0.1184733584523201
0.15947730839252472
-0.3189372420310974
-0.025944441556930542
0.14502553641796112
-0.03730890899896622
-0.0691436380147934
0.1654878407716751
-0.4274042248725891
-0.034085243940353394
0.07749604433774948
-0.09964914619922638
0.033086467534303665
-0.45845121145248413
0.2122751623392105
0.02536279708147049
-0.20680882036685944
0.12241952121257782
-0.18787792325019836
-0.2346462458372116
0.4356304705142975
-0.12480485439300537
-0.2471296191215515
-0.3794019818305969
0.0706181526184082
-0.3158099055290222
-0.21497607231140137
0.05568670481443405
0.1243879422545433
0.14925135672092438
0.21170355379581451
0.33002084493637085
-0.08877238631248474
-0.10801994800567627
-0.06290753930807114
0.03757121041417122
0.19058732688426971
0.0952891930937767
0.07523775845766068
0.2701038718223572
-0.38630375266075134
-0.23428212106227875
0.19794681668281555
0.35954225063323975
-0.06551075726747513
-0.05250675231218338
-0.13450676202774048
0.15963426232337952
-0.26162296533584595
-0.21588140726089478
-0.24736301600933075
0.473383367061615
-0.06178360432386398
0.4865770637989044
0.3213760554790497
0.13499420881271362
0.05819200351834297
-0.006884264759719372
0.23108956217765808
-0.4923749566078186
0.059731870889663696
-0.08335980772972107
-0.4064790904521942
0.10633024573326111
0.19164502620697021
-0.2559356093406677
0.14103126525878906
0.08791546523571014
0.1522437483072281
-0.0806240662932396
0.04633333534002304
-0.2614522874355316
0.17641395330429077
-0.338594526052475
0.05866333842277527
0.09457617998123169
0.03206872195005417
0.47021055221557617
0.18326924741268158
-0.0803895890712738
-0.13373683393001556
0.12851175665855408
-0.16572999954223633
0.2223319709300995
-0.4520495533943176
-0.1658884435892105
0.016373081132769585
0.37210017442703247
0.009458133950829506
0.16615630686283112
0.11027771234512329
0.07448403537273407
-0.010718555189669132
-0.03458353877067566
-0.048879705369472504
0.27080628275871277
-0.14016228914260864
-0.43996238708496094
-0.033432863652706146
0.033700570464134216
-0.40370067954063416
0.024790402501821518
0.15608803927898407
-0.31619665026664734
0.32697778940200806
0.392284095287323
-0.05000942572951317
0.2539447247982025
0.21545721590518951
0.24288176000118256
-0.12087380141019821
0.26935040950775146
0.4523341953754425
0.35888564586639404
-2.029249480983708e-05
0.25916436314582825
0.20731450617313385
-0.11607949435710907
-0.17177444696426392
-0.2976057827472687
-0.06235561892390251
-0.17852471768856049
-0.11512713879346848
-0.29607659578323364
0.3998854458332062
0.15330073237419128
-0.07556164264678955
0.4009871184825897
-0.1429431289434433
0.20597627758979797
0.04054267704486847
0.0930090993642807
0.3897954225540161
-0.016212647780776024
-0.1213809922337532
0.5066288113594055
-0.31926384568214417
0.009443453513085842
-0.040783584117889404
-0.23890335857868195
-0.429362028837204
0.4057329297065735
0.1469077467918396
-0.07841358333826065
-0.2115641087293625
0.14979015290737152
-0.2281549870967865
-0.4122452139854431
0.15673400461673737
-0.09243566542863846
0.024569083005189896
0.3738950192928314
-0.18328367173671722
0.07038914412260056
0.2416871041059494
0.2560928761959076
0.1548713892698288
0.1683962196111679
0.31732308864593506
-0.03338341787457466
0.012088485062122345
-0.0014354429440572858
-0.05996464937925339
0.10995995253324509
0.1265176236629486
-0.26884087920188904
-0.30148735642433167
0.1209595650434494
-0.19429093599319458
-0.2041282206773758
0.021948345005512238
-0.1708071529865265
0.01126832515001297
-0.2111520767211914
-0.03395562246441841
0.45937082171440125
-0.24055548012256622
0.15224090218544006
-0.1093815416097641
0.4436000883579254
-0.08496928215026855
-0.18474984169006348
-0.19127655029296875
-0.2342032641172409
0.050596993416547775
-0.2517416179180145
-0.45926111936569214
-0.12373315542936325
-0.271867573261261
0.49759024381637573
0.29912933707237244
-0.27857348322868347
0.10718126595020294
0.11321219801902771
0.1555532068014145
-0.18444207310676575
0.3616311252117157
-0.019482553005218506
0.23605193197727203
0.4603050947189331
0.11382964998483658
0.08549517393112183
0.01943853124976158
0.39200296998023987
-0.05265936255455017
-0.1354171335697174
-0.1401328593492508
0.18035712838172913
-0.3578977882862091
-0.10869567096233368
-0.4061546325683594
-0.02163165621459484
-0.09016294777393341
-0.333784282207489
0.09218046069145203
-0.004946493543684483
0.023392295464873314
-0.21110498905181885
0.3707842528820038
-0.12610262632369995
0.28621217608451843
0.29752564430236816
-0.10752749443054199
0.05340415984392166
0.032202381640672684
0.06005699932575226
0.13758552074432373
0.37312042713165283
-0.06807494908571243
-0.36802032589912415
0.23988620936870575
0.5568485260009766
0.22707100212574005
0.11831490695476532
-0.21585537493228912
0.26201409101486206
0.1820739507675171
-0.10277577489614487
0.12288878113031387
-0.34639692306518555
-0.147482231259346
0.1199423149228096
-0.0560620054602623
-0.38543516397476196
-0.578769326210022
0.3450004756450653
-0.074986532330513
0.20656818151474
0.1826111227273941
-0.16166624426841736
-0.365230917930603
0.3177599012851715
0.024348929524421692
0.1523064225912094
0.04963316768407822
-0.3897607624530792
-0.14453727006912231
-0.07272975891828537
0.01090556662529707
-0.07782279700040817
0.010228481143712997
0.004942453000694513
-0.0644431859254837
-0.11986510455608368
-0.02744227461516857
0.14100903272628784
-0.37308669090270996
-0.08400027453899384
-0.03767532482743263
0.04953662306070328
-0.2306486815214157
-0.10632377117872238
-0.2955482006072998
0.12487562000751495
0.43974626064300537
0.5151349902153015
0.11750368028879166
-0.02100522257387638
-0.10719695687294006
-0.18774284422397614
-0.0772116556763649
0.06938178092241287
0.04832201823592186
-0.06090734899044037
-0.2913845479488373
0.010595699772238731
-0.09866175800561905
-0.1327063888311386
0.30118247866630554
-0.12389910966157913
-0.10588285326957703
0.29858362674713135
0.0064342329278588295
-0.14469867944717407
-0.27458521723747253
-0.07665513455867767
0.1096821129322052
-0.11548978090286255
0.35494306683540344
-0.43744945526123047
0.3160305321216583
0.12700875103473663
0.20384056866168976
0.13908492028713226
-0.25209540128707886
-0.026379235088825226
-0.2652788758277893
-0.2181934118270874
-0.1825726479291916
0.0014494839124381542
0.2668008506298065
-0.2752014696598053
0.2820702791213989
0.01797351986169815
0.2621791660785675
-0.3211008608341217
-0.20193929970264435
-0.3656677007675171
0.3291405141353607
-0.02841489017009735
-0.11444064974784851
0.28827348351478577
-0.45592001080513
0.18318556249141693
0.29247528314590454
0.3300991654396057
0.10205873847007751
-0.06331280618906021
0.011002939194440842
-0.167446568608284
0.30834177136421204
0.21349193155765533
0.04196120426058769
0.3159198760986328
-0.09009809046983719
-0.17968380451202393
0.0779472291469574
0.03413645923137665
-0.046234309673309326
0.17745286226272583
-0.04349840432405472
-0.07297300547361374
-0.23433524370193481
-0.08173968642950058
-0.23032689094543457
-0.2763599157333374
-0.2390185445547104
0.20654863119125366
0.09832093864679337
-0.13204914331436157
0.39117130637168884
0.06296120584011078
0.13991530239582062
0.35950353741645813
0.2115105390548706
-0.2218923419713974
-0.2861185371875763
-0.5223108530044556
-0.15926511585712433
-0.08326024562120438
0.524544358253479
-0.2449541985988617
-0.14555266499519348
-0.02393730729818344
-0.024507565423846245
0.28392493724823
0.1851789653301239
0.14347060024738312
-0.1848701536655426
-0.00954271201044321
-0.1508222073316574
0.0800309032201767
0.1992570459842682
-0.024678245186805725
0.1382458508014679
-0.23581792414188385
0.5294108986854553
-0.16508348286151886
-0.055539023131132126
-0.26336410641670227
0.14513207972049713
0.10015060752630234
-0.018862338736653328
-0.008949787355959415
-0.09025416523218155
-0.10423074662685394
-0.10928527265787125
-0.28707462549209595
0.13963720202445984
-0.013334770686924458
-0.21166671812534332
-0.23813164234161377
0.11623328179121017
0.1344848871231079
-0.1948767602443695
0.2258410006761551
-0.41806429624557495
-0.15534336864948273
0.1938115954399109
-0.06776700913906097
0.19124260544776917
-0.26224446296691895
-0.48974087834358215
-0.525971531867981
-0.006746373139321804
0.3118114173412323
0.2026398628950119
-0.007189237978309393
0.3481972813606262
-0.2571592926979065
0.5702505707740784
0.213029682636261
-0.16293475031852722
0.17915670573711395
0.7197511792182922
0.07730170339345932
0.1308266967535019
-0.12001094222068787
0.21683374047279358
0.04360000416636467
-0.3650408983230591
-0.35017770528793335
-0.08893783390522003
0.16511641442775726
0.11624295264482498
0.20984405279159546
-0.09707567095756531
0.03648190200328827
-0.14432811737060547
0.13579222559928894
0.15357060730457306
-0.12997277081012726
0.09790722280740738
0.4496995806694031
0.23689764738082886
0.34628546237945557
0.22073130309581757
-0.17647860944271088
-0.054662544280290604
0.19613155722618103
-0.10030315071344376
0.0052347201853990555
0.13474474847316742
0.09124128520488739
0.038356196135282516
-0.13307571411132812
0.387813001871109
-0.17055928707122803
0.06993866711854935
0.019224129617214203
-0.018722400069236755
-0.32511046528816223
-0.1796163022518158
-0.01946205273270607
-0.06333838403224945
-0.037736259400844574
-0.09325366467237473
0.19031886756420135
-0.48896321654319763
-0.04442714899778366
-0.2324983775615692
0.48520761728286743
0.27201223373413086
-0.045915137976408005
0.12276113778352737
-0.55668705701828
0.29817792773246765
-0.013516603037714958
-0.025836458429694176
-0.10011523216962814
-0.0025001149624586105
0.3620907664299011
0.0015355385839939117
0.23449036478996277
-0.05307721719145775
-0.2533864676952362
-0.11297681927680969
0.08257253468036652
0.04583512991666794
0.05182121321558952
0.008897489868104458
0.06774263828992844
-0.4668561518192291
-0.24170589447021484
-0.07531435787677765
0.05138232931494713
-0.1394919455051422
0.03696918487548828
0.07327373325824738
-0.16812095046043396
0.06886245310306549
0.20559722185134888
0.055314552038908005
-0.0970158576965332
-0.06958237290382385
0.1531302034854889
-0.17715784907341003
-0.12666964530944824
0.22556272149085999
-0.0400979220867157
-0.23214474320411682
0.046044643968343735
0.053572073578834534
-0.26941609382629395
-0.17181186378002167
0.1892032027244568
0.23928941786289215
-0.0796811580657959
0.1845618486404419
0.08029849827289581
0.021988460794091225
0.12261299043893814
0.08848107606172562
0.17568598687648773
-0.0885525569319725
0.047306470572948456
-0.3493652641773224
-0.07282468676567078
0.14256583154201508
0.021710362285375595
0.36933907866477966
0.06769821047782898
0.14745333790779114
-0.09257645905017853
0.15236906707286835
0.022437619045376778
-0.12055107951164246
0.1270034909248352
-0.40078267455101013
-0.22938328981399536
-0.04973728954792023
0.5502468943595886
0.24533480405807495
0.021317489445209503
0.11339913308620453
0.19323354959487915
-0.1986762434244156
0.03923415020108223
-0.03951118886470795
-0.15360544621944427
0.0684717446565628
0.2016376256942749
0.01609818823635578
0.043160904198884964
-0.30776986479759216
-0.3465316891670227
-0.14073842763900757
0.15257824957370758
0.27736610174179077
0.01666397973895073
0.29173946380615234
-0.2866726219654083
0.08172286301851273
-0.11156133562326431
0.22342820465564728
-0.1265447735786438
0.17627446353435516
0.1707262545824051
-0.07037253677845001
-0.43173152208328247
-0.058677610009908676
0.3483591675758362
-0.19977936148643494
-0.011344159953296185
0.05623285099864006
-0.17912879586219788
0.09701080620288849
-0.1794060617685318
-0.16175417602062225
-0.084185890853405
-0.16529028117656708
0.27940165996551514
-0.11343881487846375
0.09259900450706482
0.015904022380709648
0.15266768634319305
0.4363882839679718
-0.21027426421642303
0.28037652373313904
0.007208829279989004
0.5020883679389954
-0.06314662098884583
0.2854747474193573
0.07307325303554535
0.05877154320478439
-0.35271212458610535
-0.0075887348502874374
-0.4491848051548004
0.2139279544353485
0.06783515959978104
-0.007279464043676853
0.13417190313339233
0.04233342036604881
0.15601584315299988
0.06733229011297226
0.28704795241355896
-0.04751250520348549
0.041096124798059464
-0.23605315387248993
-0.29775765538215637
-0.20719626545906067
0.01730729080736637
0.028044115751981735
-0.053920816630125046
-0.2989974319934845
-0.017182011157274246
0.12401986122131348
-0.08756482601165771
0.05796355381608009
0.3583461344242096
-0.02572949230670929
-0.47085750102996826
-0.2721286118030548
-0.1089884340763092
-0.11975622177124023
0.05380222573876381
-0.302034854888916
0.02742539718747139
0.1504395753145218
0.10213524848222733
0.14535066485404968
0.009307879023253918
-0.04843972995877266
0.01925889402627945
-0.2178494781255722
-0.1188722550868988
0.4546394646167755
0.1486659049987793
0.15480661392211914
0.10270404070615768
0.03923245146870613
-0.47814425826072693
0.0997186005115509
-0.19426429271697998
-0.345176637172699
0.020638570189476013
0.06327546387910843
0.04219403862953186
0.2709389925003052
0.12510286271572113
0.060220200568437576
0.02525024116039276
0.21021080017089844
0.1294998973608017
-0.2699923813343048
0.23398417234420776
-0.2125406712293625
-0.29462480545043945
-0.015523876994848251
0.11936495453119278
0.039906203746795654
-0.11241842061281204
-0.38601917028427124
0.35115787386894226
0.12295791506767273
-0.05671332776546478
0.14992521703243256
0.034541331231594086
0.36401909589767456
-0.003225929569453001
0.43775227665901184
0.10224773734807968
-0.21637751162052155
0.059980183839797974
-0.063825324177742
-0.2503712475299835
0.005847388878464699
0.28770020604133606
-0.26478397846221924
0.11605437099933624
0.04451504722237587
0.33585992455482483
0.14083319902420044
0.159955695271492
0.1529787927865982
-0.16961845755577087
-0.034845661371946335
-0.3012516498565674
-0.06758935749530792
0.26689162850379944
0.11735042184591293
-0.08875202387571335
0.02199087291955948
-0.07242858409881592
-0.20013165473937988
-0.38736918568611145
0.39285868406295776
-0.2200159728527069
-0.26831406354904175
-0.07258323580026627
0.07761351764202118
-0.3570121228694916
0.07423530519008636
-0.08321066200733185
-0.434547483921051
0.026229307055473328
-0.1665826290845871
0.027523990720510483
0.08611905574798584
0.20477880537509918
-0.08687130361795425
0.29053452610969543
-0.05922375246882439
-0.25296980142593384
0.20924048125743866
0.283943235874176
0.06439069658517838
0.03736305609345436
-0.12448622286319733
-0.0963471382856369
0.14934346079826355
-0.36702272295951843
0.10798083990812302
-0.07648351788520813
0.3091157376766205
0.35857683420181274
0.14004500210285187
0.09035155177116394
-0.09304344654083252
0.14664985239505768
0.4050915241241455
-0.25819361209869385
0.22084711492061615
0.06345488876104355
-0.07070501893758774
0.11038539558649063
0.012246706523001194
0.20808681845664978
0.10757798701524734
0.2634889483451843
-0.12727504968643188
-0.4313409626483917
-0.2762181758880615
-0.04039110615849495
-0.1260109692811966
0.031334538012742996
-0.2801215648651123
-0.05043725669384003
-0.06845933198928833
-0.015151004306972027
-0.4577726721763611
-0.20336610078811646
0.27323946356773376
-0.1382632702589035
0.13985492289066315
0.26457807421684265
-0.019017765298485756
-0.16765117645263672
0.19977758824825287
0.2834665775299072
-0.19082625210285187
-0.00019673250790219754
0.08262095600366592
0.2841728627681732
-0.16697944700717926
0.17771776020526886
0.0394364632666111
0.13572515547275543
0.45244547724723816
-0.323211669921875
-0.26977092027664185
0.19604772329330444
0.11851878464221954
0.17218205332756042
0.11691538244485855
-0.008658697828650475
-0.047625117003917694
-0.1612929105758667
0.12183836102485657
0.13901935517787933
0.08426061272621155
-0.17986997961997986
0.08653628081083298
-0.2807229459285736
-0.05636908486485481
0.14504551887512207
-0.0024961272720247507
-0.17137013375759125
-0.26368439197540283
-0.06516444683074951
-0.4826311767101288
-0.5435531735420227
-0.3688142001628876
0.30624493956565857
0.32216474413871765
0.19923649728298187
-0.25279563665390015
0.15419448912143707
-0.21932534873485565
-0.25985172390937805
-0.06966104358434677
0.10410293936729431
-0.34771251678466797
0.13207606971263885
0.05797351524233818
0.3844663202762604
0.022803235799074173
0.18135973811149597
0.02649841271340847
-0.16996243596076965
-0.03063112311065197
0.04357917234301567
-0.09682141244411469
-0.217266246676445
-0.20969371497631073
0.2068227380514145
0.20982149243354797
0.35738664865493774
-0.09742701798677444
-0.21102122962474823
0.19569559395313263
0.08343886584043503
0.08497925847768784
-0.09900135546922684
-0.1002821996808052
0.27327796816825867
-0.21385309100151062
-0.0877203419804573
-0.041593290865421295
0.1885061115026474
0.3910473585128784
0.3030739426612854
-0.04927830025553703
-0.12412387877702713
0.051931366324424744
0.1640072613954544
-0.16814735531806946
0.051835861057043076
-0.19687522947788239
0.25338539481163025
0.1758800595998764
0.017923573032021523
-0.285337895154953
0.22765424847602844
0.20916743576526642
-0.046978291124105453
0.19772391021251678
0.11885606497526169
0.21541747450828552
0.23596736788749695
-0.022714324295520782
-0.1896948367357254
0.06101851165294647
0.1791532337665558
-0.5016930103302002
-0.14354746043682098
0.23479332029819489
0.36730533838272095
-0.3296544849872589
0.004270976409316063
-0.2463323473930359
-0.0043142191134393215
0.16189923882484436
0.18055973947048187
-0.2136661559343338
0.12015662342309952
0.19874761998653412
0.3731459677219391
0.07957340776920319
-0.20580314099788666
0.14912329614162445
0.35083144903182983
-0.09315823763608932
0.06678970158100128
0.3119056820869446
-0.15722547471523285
0.3307739794254303
-0.11975102126598358
-0.054112084209918976
-0.13806858658790588
-0.09422672539949417
-0.15261930227279663
-0.18008695542812347
-0.24832724034786224
0.3138577342033386
0.028741827234625816
-0.24417994916439056
-0.3942376375198364
-8.574654202675447e-05
0.26474112272262573
0.025335747748613358
-0.23312748968601227
-0.21007980406284332
-0.5253440737724304
-0.21766149997711182
0.2537928521633148
-0.0953955352306366
0.043918121606111526
0.3266463577747345
-0.284085750579834
0.4383801221847534
0.11740852892398834
-0.2732662260532379
0.07646923512220383
0.4494180977344513
-0.09645389020442963
-0.07021600753068924
0.2082156240940094
-0.284022718667984
-0.30404362082481384
0.11566994339227676
-0.011981534771621227
-0.2112773060798645
0.20921747386455536
-0.0008118416299112141
0.3614634871482849
0.24679292738437653
-0.39501112699508667
-0.24671414494514465
-0.310971736907959
-0.18914949893951416
0.058613695204257965
-0.024564892053604126
-0.14101716876029968
0.47502729296684265
-0.25039026141166687
0.1836274117231369
-0.2200275957584381
0.048951733857393265
-0.17480893433094025
-0.10241589695215225
-0.13039769232273102
0.23833908140659332
-0.17656661570072174
0.16353288292884827
0.22517931461334229
-0.21593645215034485
-0.0249447301030159
-0.13392065465450287
-0.5038255453109741
0.318783700466156
-0.2680695652961731
-0.08499448746442795
0.20400221645832062
0.26017701625823975
-0.16687904298305511
0.013914055190980434
-0.12131543457508087
0.14576856791973114
0.1448720395565033
0.24723802506923676
0.1915794014930725
-0.18994224071502686
-0.0650559663772583
-0.16527092456817627
-0.26177600026130676
-0.43460384011268616
-0.19396400451660156
-0.14713311195373535
0.10551750659942627
0.24627256393432617
0.1337510198354721
-0.019377373158931732
-0.046401988714933395
-0.1166396215558052
-0.02800818346440792
0.3224814236164093
0.3545341491699219
0.01611722819507122
-0.19841338694095612
0.1566401720046997
0.11054250597953796
0.028695957735180855
-0.07676788419485092
-0.3406237065792084
0.38719820976257324
0.12471812218427658
-0.02289847657084465
-0.03368964046239853
0.10870727896690369
-0.01258910447359085
0.3399949371814728
-0.31854817271232605
-0.1376107782125473
0.00860308576375246
0.11440753191709518
-0.5844082236289978
-0.33503806591033936
-0.24097074568271637
0.0159614160656929
-0.0027835723012685776
0.28349485993385315
0.2373044192790985
0.001423666370101273
0.09604749083518982
0.20836278796195984
-0.4128861129283905
-0.043679263442754745
0.0019459080649539828
0.1792418658733368
-0.26399943232536316
-0.17178338766098022
-0.06137678399682045
0.15117162466049194
0.3904271125793457
0.12512129545211792
-0.23737624287605286
0.5092876553535461
-0.07715041190385818
-0.16456064581871033
0.11853215843439102
-0.14789079129695892
-0.023595638573169708
0.09770119190216064
-0.5098577737808228
0.055929385125637054
-0.21869228780269623
0.5070870518684387
0.06392636150121689
0.0486031249165535
-0.2248629480600357
0.2930215001106262
-0.09003783017396927
-0.05077248066663742
-0.1142762303352356
0.039016734808683395
-0.10942259430885315
-0.2674572467803955
0.22388353943824768
-0.19121886789798737
0.07003117352724075
0.18942587077617645
-0.3239673376083374
-0.25744667649269104
-0.025988027453422546
-0.2250911444425583
-0.09355835616588593
-0.30380016565322876
-0.06528112292289734
-0.2224973887205124
-0.3325830399990082
-0.034228838980197906
0.284273236989975
-0.06163361668586731
0.2714602053165436
-0.2179582118988037
-0.018229268491268158
0.07839705049991608
-0.03764303773641586
-0.024568811058998108
-0.08269055187702179
0.3388737738132477
-0.10897696018218994
-0.4169881343841553
-0.5146967172622681
-0.16595369577407837
-0.21723595261573792
0.26506027579307556
0.6499495506286621
0.2814711332321167
0.42712321877479553
0.053284913301467896
-0.36507555842399597
0.1195424422621727
0.027444366365671158
-0.16054491698741913
0.2184075117111206
0.03657056763768196
0.027636414393782616
0.3259925842285156
0.11208058893680573
0.55180424451828
-0.02848980389535427
-0.05986667796969414
-0.10964739322662354
-0.21171796321868896
0.17734774947166443
-0.33064034581184387
-0.26723232865333557
-0.1511368602514267
0.36863547563552856
0.4702471196651459
-0.11373696476221085
-0.2052690088748932
0.13222073018550873
-0.19626326858997345
0.05704142898321152
0.2380789965391159
-0.20874017477035522
0.038812294602394104
-0.41400083899497986
0.18655340373516083
-0.37407681345939636
0.07822266966104507
-0.050080541521310806
0.20792709290981293
-0.1878022849559784
0.2513585388660431
0.14987175166606903
0.06488919258117676
-0.23175907135009766
0.43849265575408936
-0.1703995168209076
0.19683460891246796
-0.12150106579065323
-0.14353270828723907
0.06814879179000854
0.011855599470436573
-0.019574658945202827
-0.1677532196044922
0.09083761274814606
0.3728370666503906
-0.14324069023132324
-0.12180531024932861
-0.041421689093112946
0.3050689399242401
-0.2568287253379822
0.6335813999176025
-0.01877700351178646
-0.311210960149765
0.32987841963768005
0.12452620267868042
0.10277336090803146
-0.1673014909029007
-0.3958192467689514
-0.06691228598356247
0.15930038690567017
0.04501424357295036
-7.626583828823641e-05
0.03660397231578827
0.14691272377967834
-0.052237384021282196
-0.10367817431688309
-0.11861018091440201
-0.018969159573316574
-0.10499951988458633
-0.348323255777359
0.02943134866654873
0.3452225625514984
0.17875298857688904
-0.11700327694416046
0.43062591552734375
0.029146810993552208
0.0032128680031746626
-0.13083578646183014
0.2792591452598572
0.035966407507658005
-0.06721124798059464
-0.11071652919054031
-0.023257143795490265
-0.22061121463775635
0.14342400431632996
0.02398926392197609
-0.25791963934898376
-0.06928537040948868
0.05205041170120239
0.05044413357973099
0.22784970700740814
0.19315114617347717
-0.1859540045261383
-0.20835396647453308
0.20348486304283142
0.02854132652282715
-0.051921818405389786
-0.29889142513275146
-0.4359480142593384
0.19708991050720215
0.3014903962612152
-0.31893473863601685
0.05654152110219002
-0.10681351274251938
0.0434252992272377
-0.5840041637420654
0.36335593461990356
-0.47229331731796265
0.10471364110708237
-0.15723690390586853
-0.07739005982875824
0.20940251648426056
0.020858077332377434
-0.11213583499193192
-0.25105756521224976
0.370512992143631
-0.17404134571552277
-0.13130542635917664
-0.16238591074943542
0.004672865848988295
-0.19006749987602234
-0.21805989742279053
-0.016894493252038956
-0.22635574638843536
0.17228348553180695
-0.3548447787761688
0.08980168402194977
0.2605186104774475
-0.06417872756719589
-0.08466413617134094
-0.03886515274643898
-0.30068933963775635
0.0460185781121254
0.06621760129928589
-0.05268466845154762
0.1963106244802475
-0.13218185305595398
-0.15021851658821106
-0.13866457343101501
-0.34397003054618835
0.014960184693336487
-0.45577770471572876
-0.12380877137184143
-0.3747929334640503
-0.09105067700147629
-0.003950199577957392
0.17403163015842438
0.043585196137428284
-0.22214218974113464
0.024790722876787186
-0.3071485757827759
-0.0016094563761726022
0.06103188544511795
0.10056673735380173
-0.1757442057132721
0.0202260110527277
0.07040318101644516
0.2586539089679718
-0.12538135051727295
0.1419464647769928
-0.04915390536189079
0.5230271220207214
-0.23672136664390564
0.047304667532444
0.3210722506046295
-0.1394105851650238
0.37398645281791687
-0.11933530122041702
0.12700361013412476
-0.1387825906276703
-0.0044750552624464035
-0.22321471571922302
0.21699586510658264
0.38646358251571655
-0.027417276054620743
0.3600153625011444
-0.19059599936008453
0.0279599130153656
-0.22175994515419006
-0.041341014206409454
-0.2740813195705414
0.16800712049007416
-0.009568032808601856
0.13251644372940063
0.25730881094932556
-0.12673938274383545
-0.2957819998264313
0.5540537238121033
0.06609001755714417
0.01727217808365822
0.48548635840415955
-0.10202743858098984
0.1248139813542366
0.2613573372364044
0.2978622317314148
-0.07486354559659958
-0.13250643014907837
-0.423303484916687
0.40201905369758606
0.09795993566513062
-0.2010001838207245
-0.003647336270660162
0.08861438930034637
0.04322969540953636
0.023680223152041435
0.029843563213944435
-0.3223850131034851
0.12462808936834335
0.00803226325660944
-0.0870174914598465
0.2720106244087219
0.09961943328380585
0.07378668338060379
-0.3437477946281433
-0.4288488030433655
0.008367693051695824
-0.48842260241508484
-0.3477727770805359
0.24675346910953522
0.04219089448451996
-0.18039603531360626
-0.3854655921459198
0.2882656455039978
0.299983412027359
-0.2413976490497589
0.03510648012161255
-0.3590393364429474
-0.2408740371465683
-0.04046624153852463
0.134477436542511
0.01671929657459259
-0.10392186790704727
-0.3553180992603302
0.48122337460517883
-0.1718991994857788
-0.2635209858417511
0.3380821943283081
0.1853795051574707
-0.3011496365070343
-0.03151676431298256
0.03526565060019493
0.3801051080226898
0.40184304118156433
0.013582965359091759
-0.09888017922639847
-0.07122714817523956
-0.3295266926288605
0.2567480802536011
-0.11729273200035095
0.318814218044281
0.08697531372308731
0.03740714117884636
0.20073455572128296
0.04352005943655968
-0.22548219561576843
-0.24351410567760468
0.30089473724365234
-0.07074881345033646
-0.32852908968925476
-0.27932673692703247
0.19126607477664948
0.2063649743795395
0.556475043296814
0.3210245370864868
-0.07038675993680954
0.26557156443595886
0.0734972357749939
-0.12734198570251465
-0.20590846240520477
0.1217256560921669
0.22486108541488647
-0.15321074426174164
0.20898933708667755
-0.3547598719596863
-0.06512019038200378
-0.15719832479953766
-0.29391589760780334
-0.3208616077899933
-0.55532306432724
-0.2585405111312866
-0.10271937400102615
-0.24226614832878113
-0.2397332787513733
-0.11065155267715454
-0.07623942196369171
0.1366463005542755
0.2708376348018646
0.18991652131080627
-0.14935512840747833
0.051848191767930984
0.02889091894030571
-0.15656329691410065
0.08283115178346634
0.39938926696777344
0.15511685609817505
-0.17266777157783508
0.14165237545967102
0.2804822325706482
0.059977028518915176
-0.06886158138513565
-0.09507185220718384
-0.16913151741027832
-0.06469155848026276
-0.0018149850657209754
0.09050939232110977
0.2470155954360962
0.31337225437164307
0.016182785853743553
-0.0337328240275383
-0.01309781800955534
0.060405757278203964
-0.07663730531930923
-0.24561649560928345
0.16407762467861176
0.012482005171477795
0.1557421237230301
-0.22100889682769775
0.2958422303199768
-0.3857012391090393
-0.44540420174598694
0.09335324168205261
0.27652451395988464
-0.009899377822875977
0.42722925543785095
0.08279962092638016
-0.284578800201416
0.04891902953386307
-0.16243262588977814
0.02178853191435337
0.0013799654552713037
-0.2756793200969696
0.2023874670267105
-0.006064135581254959
0.5122305154800415
0.20557624101638794
-0.12056175619363785
-0.25058677792549133
0.25028958916664124
-0.35003140568733215
-0.385309636592865
-0.009137827903032303
0.021283140406012535
0.030836904421448708
0.10902862250804901
0.09773743152618408
-0.12415745854377747
-0.07417141646146774
0.07427199184894562
-0.0520390123128891
0.28406110405921936
0.1643347442150116
0.21993476152420044
-0.08527294546365738
0.0070597510784864426
0.01218376774340868
0.15101765096187592
-0.40834376215934753
0.15271037817001343
-0.23286324739456177
0.26931196451187134
0.2445450872182846
-0.48806852102279663
-0.178898885846138
0.0710759237408638
0.40803372859954834
0.11255181580781937
0.456923246383667
-0.1999613344669342
0.10757100582122803
-0.31147435307502747
0.03891151398420334
0.01011112704873085
0.16828125715255737
-0.37080153822898865
0.11955298483371735
0.004714278969913721
0.1808735430240631
0.12203678488731384
-0.21822769939899445
-0.022551322355866432
0.016703199595212936
-0.0077615417540073395
0.3016139268875122
-0.2139100879430771
0.1274731457233429
0.17040394246578217
-0.05263005569577217
0.019985651597380638
0.008041591383516788
-0.6277909874916077
-0.1811194270849228
-0.19242262840270996
-0.0522434376180172
0.29507914185523987
0.1922837793827057
-0.2894365191459656
-0.16281019151210785
0.12989680469036102
0.07026772201061249
0.051435161381959915
0.09103959053754807
0.316567987203598
0.21964126825332642
0.02620680257678032
-0.16033640503883362
-0.22535230219364166
0.3714967966079712
0.22608567774295807
0.08007776737213135
0.07542376965284348
-0.17417173087596893
0.08653717488050461
-0.16829277575016022
0.2582820951938629
-0.00536735076457262
-0.011966562829911709
0.13645288348197937
-0.10890448093414307
-0.46345484256744385
0.3508296012878418
-0.04649483785033226
-0.12189613282680511
-0.011821738444268703
-0.4057261645793915
0.05112740769982338
0.27975699305534363
-0.07856527715921402
-0.12524205446243286
0.0019456434529274702
-0.07143018394708633
-0.37806302309036255
-0.31698358058929443
0.04786538705229759
-0.01035850215703249
0.30849334597587585
0.4955556094646454
-0.1893085092306137
-0.004118208307772875
0.07547744363546371
0.029760919511318207
0.0003280033415649086
-0.16877713799476624
-0.03794023022055626
-0.0076008266769349575
-0.19893498718738556
-0.4416143596172333
-0.05082223191857338
0.07931157946586609
-0.09907735139131546
-0.20113246142864227
0.014527253806591034
0.05072971433401108
-0.440032958984375
0.01815364509820938
-0.08768995851278305
0.1383739858865738
-0.16922630369663239
0.13706909120082855
0.11690031737089157
-0.24300694465637207
0.013072997331619263
0.2241322249174118
0.23431101441383362
-0.20536945760250092
-0.04278480261564255
0.03533371537923813
-0.1666477769613266
0.0028186750132590532
-0.04465874284505844
0.14742010831832886
-0.36320385336875916
0.22630876302719116
0.06407717615365982
0.31151479482650757
-0.1806209236383438
-0.10312049090862274
-0.020415084436535835
-0.2185273915529251
-0.3615491986274719
-0.520821750164032
0.2285875529050827
0.36314666271209717
-0.09793023765087128
0.21691639721393585
-0.25076553225517273
0.20381277799606323
0.272426575422287
0.1631239354610443
0.26063016057014465
-0.3357086181640625
-0.010472525842487812
0.19658146798610687
-0.04455738887190819
-0.018155498430132866
0.14682817459106445
0.04125238209962845
0.0009438923443667591
-0.35692456364631653
-0.09414739161729813
0.12441784143447876
0.5427879691123962
0.2785199284553528
-0.20420627295970917
0.06546308100223541
0.2720024585723877
-0.25321364402770996
-0.14733284711837769
0.34935641288757324
-0.2321578860282898
0.3371005356311798
0.1693750023841858
-0.13122153282165527
0.2596973478794098
-0.03619114309549332
0.14807993173599243
-0.2396351546049118
-0.14184311032295227
0.67628014087677
0.1037750095129013
0.012627501972019672
0.0031077240128070116
0.32870998978614807
-0.1832641065120697
0.003924868535250425
0.09199575334787369
-0.1795504242181778
0.12634234130382538
0.014320925809442997
-0.106606125831604
0.1084580197930336
0.2310432493686676
-0.4547911286354065
0.09659653902053833
0.1977078914642334
-0.36290237307548523
0.3024999499320984
0.17295564711093903
0.4614420533180237
-0.058548569679260254
0.28445324301719666
-0.2386612892150879
0.005810131784528494
0.2554648816585541
-0.09394477307796478
0.13015101850032806
0.18558722734451294
0.15107937157154083
0.07032701373100281
-0.1711803674697876
0.21146459877490997
-0.08929679542779922
-0.3543110489845276
0.3345331847667694
0.13861265778541565
-0.30961403250694275
-0.18692313134670258
-0.2158862203359604
0.19732025265693665
0.17605172097682953
0.46178820729255676
-0.1753634214401245
-0.15847888588905334
-0.24787244200706482
0.04132780432701111
-0.27811622619628906
-0.4877195656299591
-0.34374767541885376
0.2115790694952011
-0.2573534846305847
0.17518199980258942
-0.12665529549121857
-0.1726047396659851
0.08128994703292847
-0.5186793208122253
-0.16869261860847473
-0.13103534281253815
-0.08616337925195694
-0.18836648762226105
-0.05415595695376396
-0.5250788927078247
0.004347135778516531
0.016514701768755913
-0.16367214918136597
-0.4109967350959778
-0.19958274066448212
0.23823583126068115
0.10901292413473129
-0.014959849417209625
0.448636919260025
0.2571718096733093
-0.20579811930656433
-0.09418034553527832
-0.07454310357570648
-0.31286871433258057
0.27545982599258423
0.14201359450817108
0.6754106879234314
-0.02508862130343914
0.03924781084060669
0.06872085481882095
-0.027232443913817406
-0.08101906627416611
0.24944902956485748
-0.22812052071094513
0.2105749398469925
-0.26570427417755127
-0.0012610553530976176
-0.35767820477485657
-0.04564273729920387
0.23403941094875336
-0.1142740398645401
-0.522868275642395
0.029670419171452522
-0.16478608548641205
0.2500509023666382
-0.13852781057357788
-0.19444537162780762
0.33524811267852783
0.1751960664987564
-0.2870508134365082
-0.34252414107322693
-0.0029450540896505117
0.10640718787908554
-0.2639440894126892
0.022638635709881783
0.020186392590403557
-0.029437720775604248
0.21361428499221802
0.3466798961162567
-0.16031183302402496
-0.2767428159713745
0.26523271203041077
0.14158326387405396
-0.0972134992480278
-0.11011543869972229
-0.24162033200263977
-0.36108341813087463
-0.26007500290870667
-0.015137385576963425
0.026191899552941322
-0.1895073652267456
-0.06200048699975014
-0.19869908690452576
-0.36566051840782166
0.003791587660089135
-0.21212206780910492
0.3404853045940399
-0.1258072853088379
-0.16539572179317474
0.368918240070343
0.38142308592796326
0.5853829979896545
-0.36407139897346497
-0.12866948544979095
-0.0213759858161211
0.002123986603692174
0.14849354326725006
-0.3343365490436554
-0.22644197940826416
0.1535879373550415
-0.1440819501876831
0.4068221151828766
-0.35403019189834595
0.06730371713638306
0.09865651279687881
0.31666868925094604
-0.04788169264793396
-0.023953072726726532
0.17655546963214874
-0.3346126675605774
0.40094906091690063
0.05086493864655495
0.09474950283765793
0.031577903777360916
0.08099372684955597
-0.2108047753572464
-0.06138073652982712
-0.28574562072753906
-0.03242407739162445
0.04688007012009621
0.2854359447956085
0.14639215171337128
0.13423405587673187
-0.16337478160858154
-0.0335855707526207
-0.1295306235551834
0.10862471163272858
-0.12919162213802338
0.06471942365169525
0.2522769868373871
0.25634124875068665
0.25144514441490173
-0.031674619764089584
-0.008263682015240192
-0.13438352942466736
0.08774834126234055
-0.002434935886412859
0.030596120283007622
-0.045785870403051376
-0.33525681495666504
0.06163647770881653
0.014072718098759651
-0.34277278184890747
0.2711886763572693
-0.30480948090553284
-0.19990427792072296
0.06698919087648392
0.02558964490890503
-0.1787857562303543
0.10455066710710526
-0.03734133392572403
-0.038683317601680756
-0.1649354100227356
0.11209118366241455
-0.2788209915161133
0.03290818631649017
0.14741262793540955
0.09442304819822311
0.1463514119386673
0.45273932814598083
-0.07559987157583237
-0.07775985449552536
-0.060530565679073334
-0.35682785511016846
-0.20538686215877533
-0.1188134253025055
-0.07207803428173065
-0.018949998542666435
-0.09660189598798752
-0.04436996951699257
0.21690358221530914
0.26572614908218384
-0.1183486133813858
-0.28315094113349915
0.45598724484443665
0.010037765838205814
-0.25235751271247864
0.10576507449150085
0.030867822468280792
-0.2899259626865387
-0.007724171970039606
-0.25098758935928345
0.15088999271392822
0.12619447708129883
-0.20142187178134918
0.3167422115802765
-0.1776786595582962
0.24695323407649994
0.42047932744026184
0.4438576400279999
0.05170929804444313
0.04391465708613396
0.3751458525657654
-0.0026600852143019438
0.08748958259820938
0.12796837091445923
-0.290401428937912
0.08303432166576385
-0.21524450182914734
-0.07143990695476532
-0.0415678434073925
-0.042961619794368744
-0.07741697132587433
0.22123514115810394
0.03604545071721077
0.165474072098732
-0.13692781329154968
0.10403934121131897
-0.19603292644023895
-0.3096082806587219
0.3941899240016937
0.05154053121805191
0.0030091390945017338
0.02442648448050022
-0.2100752741098404
-0.09432397037744522
0.0727505162358284
-0.08730469644069672
-0.10728365182876587
-0.1476127803325653
-0.14147286117076874
0.10213207453489304
-0.2889728546142578
0.1344834417104721
-0.11555829644203186
-0.30531343817710876
0.06139915809035301
0.43459999561309814
0.15697439014911652
-0.22159767150878906
-0.04083491861820221
0.1768522709608078
-0.053900107741355896
0.053763024508953094
-0.028751667588949203
0.15003138780593872
0.2809239327907562
-0.001190598588436842
-0.11105528473854065
-0.2376815229654312
-0.21368259191513062
-0.036163587123155594
0.36126232147216797
-0.35157260298728943
-0.31180670857429504
-0.3062281608581543
-0.08932922035455704
-0.3019345998764038
0.13597126305103302
-0.040708571672439575
-0.35952696204185486
0.2380155622959137
0.35186517238616943
-0.14139610528945923
-0.11028929799795151
-0.05529521405696869
-0.09075476229190826
0.28595778346061707
0.0553615465760231
-0.19051744043827057
0.23593655228614807
-0.0545305535197258
-0.3795726001262665
-0.02674800343811512
-0.07382360100746155
0.10929561406373978
0.277262419462204
-0.5712838172912598
0.048900533467531204
0.393507719039917
0.055173952132463455
-0.3797121047973633
0.23382773995399475
0.08376136422157288
-0.3799416124820709
-0.10839331150054932
-0.21347199380397797
0.13870598375797272
-0.2628123164176941
0.18320037424564362
0.07682138681411743
-0.1778591126203537
0.40260589122772217
-0.11725941300392151
0.06955268979072571
-0.008083947002887726
0.21774403750896454
-0.08828795701265335
0.3228219449520111
-0.03293219953775406
0.22673769295215607
0.12139199674129486
0.012331807985901833
0.06754366308450699
0.23184441030025482
-0.0334184393286705
0.2769506275653839
-0.15958666801452637
0.13230456411838531
-0.3075205087661743
0.09167816489934921
-0.240342915058136
-0.2794613242149353
-0.08913368731737137
0.15188279747962952
0.31789740920066833
-0.14682622253894806
0.17842061817646027
0.2354615032672882
0.2828405201435089
0.12771426141262054
-0.16811233758926392
0.1861022263765335
-0.22897671163082123
-0.1793660670518875
-0.16909271478652954
-0.5906216502189636
0.10544668883085251
-0.00652382243424654
0.672100305557251
-0.4034903943538666
0.17737677693367004
0.1123487651348114
0.2820475101470947
-0.04555144160985947
-0.28826457262039185
0.013724744319915771
-0.04195151478052139
-0.12475959211587906
-0.161891371011734
0.0385097935795784
-0.1526910811662674
-0.2927490472793579
0.08801412582397461
0.2486107498407364
0.2038613259792328
-0.0046317242085933685
0.10846561938524246
-0.17423199117183685
-0.24329696595668793
0.11835295706987381
-0.08657120168209076
-0.11791471391916275
0.25534871220588684
0.10850575566291809
0.41176989674568176
-0.38557085394859314
0.05444003641605377
-0.3030020296573639
0.34042462706565857
-0.15349899232387543
-0.0064189499244093895
0.013900352641940117
-0.15698905289173126
0.14375734329223633
0.3092656135559082
-0.43700721859931946
-0.2693696618080139
0.32297658920288086
0.01578080840408802
-0.15301886200904846
-0.11453010886907578
-0.19421817362308502
0.20862968266010284
0.025665143504738808
0.007024753838777542
0.05618103966116905
-0.05600456893444061
0.031883712857961655
-0.15056490898132324
0.3914676606655121
0.04460880905389786
-0.34396737813949585
-0.11348481476306915
0.4649829864501953
0.34160640835762024
0.09275203943252563
-0.10711901634931564
0.0468127615749836
-0.4127998948097229
-0.0944214016199112
-0.1444230079650879
-0.043473973870277405
0.17253851890563965
0.2323981076478958
0.06714816391468048
0.14751742780208588
0.39320361614227295
0.2527737319469452
-0.1691228449344635
0.22703002393245697
0.04402187466621399
-0.23028722405433655
0.05713362619280815
-0.02712397463619709
0.196104034781456
0.08524205535650253
-0.053435031324625015
-0.36262235045433044
-0.055935002863407135
0.11001531779766083
0.19948458671569824
-0.024433432146906853
0.27731719613075256
-0.37099385261535645
-0.20051118731498718
0.006156555842608213
-0.09766625612974167
0.12702155113220215
0.0950029119849205
-0.2890205681324005
-0.18357689678668976
-0.15578724443912506
0.08820143342018127
-0.14259357750415802
0.030577057972550392
-0.5555772185325623
-0.07168716192245483
-0.2182864546775818
0.0667325034737587
-0.2525988221168518
0.36625590920448303
-0.06923159956932068
-0.33534079790115356
0.5206003189086914
0.03882133960723877
-0.24770908057689667
-0.0530017726123333
-0.3035776913166046
0.009314716793596745
0.1033100038766861
0.010853501968085766
0.09067988395690918
-0.0063916477374732494
-0.1265554428100586
-0.018156280741095543
0.17428381741046906
-0.028782494366168976
0.28292116522789
0.20491546392440796
0.10277340561151505
0.13237892091274261
0.1306876838207245
0.12880045175552368
-0.11828050762414932
-0.04120127856731415
-0.15928256511688232
-0.45072558522224426
-0.020163550972938538
0.2649227976799011
0.2614273726940155
-0.08617641776800156
-0.24603982269763947
-0.08545652776956558
-0.19030697643756866
-0.15435858070850372
0.32631486654281616
0.39535290002822876
-0.26489198207855225
-0.29436710476875305
0.05699563026428223
-0.2398315668106079
0.016963206231594086
-0.06020098552107811
0.09384237229824066
-0.13013902306556702
0.06648502498865128
-0.05152498558163643
-0.4445560872554779
0.16837236285209656
0.016809411346912384
-0.2107318639755249
0.222259059548378
0.20139309763908386
0.11264451593160629
-0.05233966186642647
-0.3932996690273285
0.008341580629348755
-0.22696277499198914
-0.2656917870044708
-0.13028039038181305
-0.010974411852657795
0.049940258264541626
-0.35136309266090393
0.15905612707138062
0.0741332396864891
-0.07485178858041763
0.031275615096092224
-0.19054947793483734
-0.24893946945667267
-0.013972207903862
0.026431024074554443
0.2092231810092926
0.26590824127197266
-0.19159510731697083
0.22029592096805573
-0.11382018029689789
0.31569698452949524
0.02081083506345749
0.0825045183300972
-0.2095804661512375
-0.10972316563129425
0.2963716685771942
0.096873939037323
0.04877835884690285
0.412337064743042
-0.013367991894483566
0.1331973820924759
-0.07316854596138
-0.402779221534729
-0.03721253201365471
-0.10971886664628983
0.4545864462852478
0.2072565257549286
-0.2266710251569748
0.0044161551631987095
0.20943571627140045
-0.020118508487939835
-0.28566059470176697
-0.13363303244113922
0.3084186613559723
0.5586230754852295
0.16288188099861145
-0.4266221821308136
0.306450754404068
-0.26825737953186035
-0.2498224973678589
0.14548049867153168
-0.012080073356628418
0.31484442949295044
-0.47998058795928955
0.17249596118927002
-0.24456588923931122
-0.13874772191047668
0.01957697421312332
0.041133224964141846
-0.14057551324367523
-0.4035302996635437
-0.04092101380228996
-0.312751442193985
-0.4753464460372925
0.045817308127880096
0.0605928897857666
-0.33140942454338074
0.1591087132692337
0.11637555062770844
-0.19828563928604126
0.09737680107355118
0.14592380821704865
-0.03436657413840294
0.32934918999671936
-0.022732218727469444
0.4660423994064331
-0.21854843199253082
-0.10627778619527817
-0.1771472841501236
0.05810382589697838
0.018005862832069397
0.00319096096791327
-0.0456509031355381
-0.061749085783958435
0.1736985743045807
0.029891623184084892
0.08929623663425446
-0.11902013421058655
0.2190932184457779
-0.04115746170282364
0.01477084495127201
-0.2802077531814575
0.11948434263467789
-0.1698000580072403
-0.22797854244709015
-0.5738036036491394
-0.6419396996498108
0.014347124844789505
-0.08504326641559601
-0.07604453712701797
-0.00924114603549242
-0.2444296032190323
0.02701389603316784
-0.07059343159198761
0.1040506511926651
0.0276503786444664
0.07667941600084305
0.07813084870576859
0.11772401630878448
0.33131155371665955
0.48598554730415344
-0.030945036560297012
-0.08111320436000824
0.14201998710632324
-0.024210309609770775
-0.07037820667028427
0.12549085915088654
0.15207022428512573
-0.033381957560777664
0.17437690496444702
0.23403656482696533
0.3291877210140228
0.2827014625072479
-0.23675772547721863
-0.02433106116950512
0.1604369431734085
0.09241296350955963
0.2982027232646942
-0.2161002904176712
-0.09932482987642288
0.22245679795742035
0.07252558320760727
0.10985858738422394
0.3319947123527527
0.06330309808254242
-0.03958290442824364
0.20338651537895203
0.07383181154727936
0.015278620645403862
-0.029316185042262077
-0.1621493250131607
0.17090672254562378
0.11536134034395218
-0.04029979184269905
-0.5127884745597839
0.336088091135025
-0.0986628457903862
-0.055195849388837814
0.32621169090270996
-0.031092755496501923
-0.2786901593208313
-0.1501532793045044
0.2256438285112381
-0.060142941772937775
-0.04402482137084007
0.34817883372306824
-0.08127718418836594
-0.04632246866822243
-0.3101978898048401
-0.12254101783037186
-0.5350264310836792
0.14949315786361694
-0.008459117263555527
-0.38002023100852966
-0.4776999354362488
-0.17573922872543335
0.3762015104293823
0.14407606422901154
-0.27472198009490967
0.07563073188066483
0.3068261742591858
0.1867576390504837
0.06632280349731445
-0.004863710142672062
0.2906489372253418
0.05147762596607208
-0.20116281509399414
0.3050853908061981
0.4841494858264923
-0.15522433817386627
-0.12976421415805817
-0.4025874435901642
-0.4707021117210388
-0.0762256309390068
0.006241014692932367
-0.06504453718662262
0.02031957544386387
0.021608991548419
-0.28345954418182373
0.23589438199996948
-0.7718236446380615
-0.18854257464408875
0.18094104528427124
0.33767035603523254
-0.33554890751838684
0.14297321438789368
-0.008040128275752068
0.2669113278388977
0.1134498193860054
0.011265957728028297
0.075014628469944
0.1000359058380127
-0.3964388370513916
-0.12780876457691193
-0.12266550958156586
0.03486624360084534
-0.2299501895904541
0.022323913872241974
-0.040579844266176224
0.008899248205125332
-0.1708301454782486
-0.17166396975517273
0.10073380917310715
-0.2732621133327484
0.00479615805670619
0.450456827878952
0.364833801984787
0.23265796899795532
0.33456113934516907
0.3508645296096802
-0.3469850718975067
-0.05798487737774849
0.04943741112947464
0.30269622802734375
0.10463204979896545
-0.28131988644599915
0.0196102075278759
0.20567861199378967
0.32674339413642883
-0.08580173552036285
-0.22344623506069183
-0.23672746121883392
0.12865276634693146
-0.07331117242574692
-0.1945740282535553
0.02906487137079239
-0.16299091279506683
0.21419192850589752
-0.06055251881480217
-0.2032238095998764
-0.12830297648906708
0.020175861194729805
-0.03285982832312584
-0.3809535801410675
-0.2299123853445053
0.08012998849153519
-0.0010460402118042111
-0.2838665246963501
0.07501539587974548
0.6639298796653748
-0.22094248235225677
-0.080887071788311
0.19062143564224243
0.5388669967651367
-0.10843711346387863
0.06752610206604004
0.23303928971290588
0.14263322949409485
-0.1329919397830963
-0.6326912045478821
-0.15962205827236176
0.06338011473417282
-0.10180296003818512
-0.05471082404255867
-0.21296735107898712
-0.20874318480491638
0.03754658252000809
-0.12006230652332306
0.12338166683912277
-0.22229570150375366
0.4252976179122925
0.18662132322788239
0.05549090728163719
-0.1442633718252182
0.06315591186285019
-0.2379661500453949
-0.07824531197547913
0.2764865756034851
-0.4894654452800751
-0.11416973918676376
-0.07698424905538559
-0.01673702523112297
-0.2370356321334839
-0.31895238161087036
-0.2513525187969208
-0.13600939512252808
0.12526480853557587
0.09720846265554428
0.026573019102215767
0.15759095549583435
-0.24966055154800415
-0.29425132274627686
-0.17432573437690735
0.034483298659324646
0.18843957781791687
-0.38272926211357117
0.03550511598587036
0.17019502818584442
0.40055686235427856
0.35836321115493774
-0.2739819586277008
-0.07623155415058136
0.48157498240470886
0.18356050550937653
0.1496521234512329
-0.08906448632478714
-0.37241625785827637
0.1307007521390915
-0.011696957983076572
0.37124544382095337
0.13498921692371368
-0.11211930960416794
-0.034562528133392334
0.40028369426727295
-0.017768535763025284
0.09733720868825912
0.08390258252620697
0.33515289425849915
-0.2812044322490692
-0.36365920305252075
-0.11075291037559509
-0.059553761035203934
0.3621673882007599
-0.2042902112007141
0.010635370388627052
-0.19198618829250336
-0.14093756675720215
0.2760497033596039
-0.2838633060455322
0.001339250709861517
0.5826483368873596
0.40773841738700867
0.3424432873725891
0.24258200824260712
-0.1849861741065979
-0.013293305411934853
0.22119584679603577
-0.08898232877254486
-0.202684223651886
-0.3391682505607605
-0.42047640681266785
0.2049034982919693
0.009481417015194893
0.1120375245809555
0.13212008774280548
-0.13191717863082886
0.1675037145614624
0.00987888965755701
0.349281907081604
0.052332717925310135
0.08995667099952698
0.2076432853937149
0.42047134041786194
-0.3534400165081024
-0.04204079136252403
0.36325860023498535
-0.2899641990661621
0.21275100111961365
0.03154902532696724
0.0055618369951844215
0.022079607471823692
-0.2840045988559723
-0.033075962215662
-0.010473676957190037
0.5170607566833496
0.08883613348007202
0.08185672014951706
-0.030058374628424644
-0.0753876194357872
-0.014714152552187443
0.16157419979572296
-0.4582602381706238
-0.27814820408821106
-0.248699352145195
-0.33279186487197876
-0.14138484001159668
0.29861047863960266
-0.07182373106479645
0.12889328598976135
-0.218505859375
0.01333255972713232
-0.23081286251544952
0.3401266038417816
-0.09933348745107651
-0.004299875348806381
-0.17910878360271454
0.17420795559883118
0.03950545936822891
0.14189262688159943
-0.3665674924850464
-0.2408384531736374
0.18807965517044067
0.4603312909603119
0.031724266707897186
-0.2633187770843506
-0.07492753863334656
0.10793976485729218
0.05759558454155922
-0.02755766361951828
0.008817464113235474
-0.141748309135437
-0.157566636800766
0.02514754608273506
0.004648198839277029
0.10408734530210495
0.11923898011445999
-0.008288668468594551
0.10465477406978607
0.06168162822723389
0.12516240775585175
0.14239680767059326
0.07276669889688492
0.2544865310192108
-0.4384310841560364
0.012043129652738571
0.15452051162719727
-0.13246072828769684
0.1255113035440445
0.061469435691833496
0.09671346843242645
0.19685415923595428
0.1994195431470871
0.33613479137420654
0.02560756541788578
-0.09294881671667099
-0.1417069435119629
-0.19646616280078888
0.5457219481468201
-0.05489528924226761
0.09467484802007675
0.037734586745500565
-0.06286714226007462
-0.18719442188739777
-0.031939487904310226
0.11499924212694168
-0.34038230776786804
0.04838244989514351
0.10135867446660995
0.2683950662612915
0.17789439857006073
0.06899219751358032
0.09353788197040558
0.20168383419513702
-0.20794285833835602
0.11204741895198822
0.008986088447272778
-0.012228203937411308
0.07814333587884903
0.32672804594039917
0.3651962876319885
-0.057150207459926605
-0.004187354352325201
0.3378905951976776
-0.29954370856285095
0.15725421905517578
-0.10474890470504761
0.2563337981700897
0.0672636330127716
0.0349905788898468
-0.00715556088835001
0.3139921724796295
0.06979667395353317
0.27192994952201843
0.29789993166923523
-0.013517696410417557
-0.06849586218595505
-0.08686185628175735
-0.3243795931339264
-0.24145647883415222
0.23012137413024902
-0.10945896804332733
0.20428580045700073
-0.10112832486629486
-0.3741397261619568
0.2091090828180313
0.4793567657470703
0.10923830419778824
-0.10628778487443924
-0.030912509188055992
0.1871519833803177
-0.06268420070409775
0.2421644926071167
-0.2824670374393463
0.2369181364774704
0.14969153702259064
0.32304245233535767
-0.24080879986286163
0.1251383125782013
-0.13513067364692688
0.17383559048175812
0.05208702012896538
-0.26583558320999146
0.4623638987541199
-0.5304808020591736
-0.2833118140697479
0.08280699700117111
0.0743972584605217
-0.04127306118607521
0.23535379767417908
-0.42818284034729004
-0.18620167672634125
0.2913033068180084
0.00020690653764177114
0.2954818904399872
0.35849466919898987
0.10598334670066833
0.3161149322986603
0.07292753458023071
-0.0775304064154625
0.06674284487962723
0.14214344322681427
0.18340520560741425
0.48465484380722046
-0.2323462963104248
0.16560043394565582
-0.08224868774414062
-0.1595163643360138
-0.16195443272590637
0.38806548714637756
-0.3996862769126892
0.17144855856895447
0.2084692269563675
-0.10436824709177017
-0.05150916799902916
-0.2229727804660797
0.01169392466545105
0.09964799880981445
-0.09841093420982361
-0.0498482920229435
0.23589353263378143
0.011278132908046246
0.14515645802021027
0.3366440534591675
-0.1856890171766281
-0.220895454287529
-0.2702008783817291
0.0011898446828126907
-0.1974557340145111
-0.09414170682430267
-0.06382578611373901
-0.01901550032198429
0.34038081765174866
0.2996080219745636
-0.01779075525701046
-0.27461865544319153
0.0685829445719719
0.09539692848920822
0.02964905835688114
0.3299001455307007
-0.18964074552059174
-0.03576546907424927
-0.1392434984445572
0.14710848033428192
-0.3335629105567932
0.2821268141269684
-0.10268465429544449
0.16124828159809113
-0.21993733942508698
-0.17682956159114838
-0.1297353208065033
-0.48645949363708496
-0.09736821800470352
-0.2549469769001007
0.058679964393377304
-0.21228879690170288
0.006215780042111874
-0.09062854945659637
-0.017057014629244804
-0.20052653551101685
-0.2985111176967621
-0.2370566576719284
0.09182147681713104
0.1091601774096489
0.12494703382253647
0.19141972064971924
0.25339871644973755
0.28953877091407776
-0.3235507905483246
-0.06266108900308609
-0.19670969247817993
-0.10712110251188278
0.1041724681854248
0.32228031754493713
-0.06381145119667053
0.23389746248722076
-0.05358409509062767
0.15100747346878052
0.13909223675727844
-0.5734419226646423
0.3280983567237854
0.19148345291614532
0.23234567046165466
0.25829994678497314
0.14147630333900452
0.012049425393342972
0.051269397139549255
-0.28864815831184387
0.08228562772274017
-0.07770998030900955
-0.07544884085655212
0.1413753777742386
-0.3376275599002838
0.26049697399139404
0.03812524303793907
0.09123832732439041
0.024823417887091637
0.034691859036684036
0.12155620753765106
-0.05104893818497658
0.17249535024166107
-0.4277557134628296
0.03688908368349075
-0.2048184722661972
0.3679182231426239
0.2813109755516052
-0.07352574914693832
-0.11212807148694992
-0.25652074813842773
0.2586062550544739
0.1468423306941986
-0.40813907980918884
-0.17341424524784088
-0.20077522099018097
-0.17260880768299103
0.28945672512054443
0.364437073469162
0.10626077651977539
0.01787601411342621
0.4662255048751831
-0.10642591863870621
-0.06737934798002243
-0.151648610830307
-0.38359567523002625
0.2032785266637802
-0.32902583479881287
-0.024009712040424347
0.29326632618904114
-0.16644173860549927
-0.012859617359936237
0.4941602647304535
-0.2293436974287033
0.18139439821243286
0.014046153984963894
0.228684663772583
0.13680312037467957
-0.01704675890505314
-0.23307880759239197
-0.003379132831469178
-0.11703277379274368
-0.18204623460769653
0.06504522264003754
-0.4268312156200409
-0.04627775028347969
0.614370584487915
0.13115189969539642
-0.15507115423679352
0.09196655452251434
0.19705192744731903
-0.3578283488750458
0.274652361869812
0.19767676293849945
0.10325632989406586
0.29130831360816956
0.14495523273944855
0.05142400786280632
0.006687400862574577
0.010669597424566746
0.09698575735092163
0.01836831122636795
-0.24188299477100372
0.14159877598285675
-0.23705990612506866
-0.1591423898935318
0.21024015545845032
-0.1783115565776825
-0.21947535872459412
0.4903962016105652
0.2062903195619583
0.06342510879039764
0.22509992122650146
-0.2045315057039261
-0.3316861689090729
-0.09895047545433044
-0.023504843935370445
0.18020537495613098
-0.44722291827201843
-0.1822700798511505
0.08312942087650299
-0.3464046120643616
-0.12065697461366653
0.23019711673259735
0.1684434413909912
0.1364443302154541
0.2822412848472595
0.20306165516376495
0.2864270806312561
0.3749349117279053
0.09377396106719971
-0.22910599410533905
-0.5920892953872681
-0.14717033505439758
0.27633342146873474
0.26470035314559937
0.05150016024708748
0.2270359992980957
-0.06768254935741425
0.4030148684978485
0.00607637781649828
0.16740533709526062
0.1436404436826706
0.2024119794368744
0.2666108012199402
0.07421282678842545
0.22603212296962738
0.12451403588056564
0.16752515733242035
0.061787743121385574
-0.200963094830513
-0.18362295627593994
-0.02843228355050087
-0.2548973560333252
0.2643348276615143
-0.09807217121124268
-0.03590046241879463
-0.17095595598220825
-0.20241840183734894
0.07047202438116074
-0.008388209156692028
0.35963261127471924
-0.10089150071144104
0.21172794699668884
0.16005194187164307
-0.28147780895233154
0.22937031090259552
-0.27877575159072876
0.04383792355656624
0.11432544887065887
0.007183304987847805
0.2843616008758545
-0.25162258744239807
-0.1906500905752182
0.1298719048500061
-0.3113549053668976
-0.12704841792583466
-0.13947440683841705
0.07227673381567001
0.27699247002601624
-0.37070733308792114
0.30177003145217896
-0.2113162875175476
-0.06091666594147682
-0.09455226361751556
0.18072468042373657
-0.24123336374759674
0.18390944600105286
0.0201046671718359
-0.07025405019521713
-0.18428942561149597
-0.3806307315826416
0.3010791838169098
0.13512340188026428
-0.12831749022006989
0.14702185988426208
0.14194893836975098
0.059156205505132675
0.17467810213565826
0.10219395160675049
0.04789579659700394
-0.06315287947654724
0.058593813329935074
-0.3069518804550171
0.59885174036026
0.259398877620697
-0.2551436126232147
-0.08155424147844315
0.12745510041713715
0.43107497692108154
0.3473535478115082
0.0683455839753151
-0.13544726371765137
-0.09118153154850006
-0.20715944468975067
0.20917367935180664
0.04786727577447891
0.25281649827957153
0.1920565962791443
0.5649497509002686
0.05349735543131828
-0.002201783936470747
0.05989927425980568
-0.16113901138305664
0.1332237720489502
0.22086971998214722
-0.06904461234807968
0.08884265273809433
-0.25212931632995605
-0.11438903212547302
-0.23445376753807068
0.10758265107870102
0.20951855182647705
0.1415943056344986
0.09482088685035706
-0.6285445690155029
0.4244329631328583
-0.053921084851026535
-0.18192988634109497
0.09640645980834961
-0.39566516876220703
0.3073050379753113
-0.22852672636508942
0.10191328823566437
0.02182433195412159
-0.29099786281585693
0.04547242075204849
0.43435120582580566
-0.16514405608177185
-0.3023456037044525
-0.06167040765285492
0.2010161429643631
0.11190880835056305
-0.25261950492858887
-0.0069714877754449844
-0.19400063157081604
0.0013314401730895042
-0.29407015442848206
0.32346269488334656
0.056691642850637436
-0.08910375833511353
0.2663962244987488
-0.03393738344311714
0.4741906523704529
-0.11176962405443192
0.011037965305149555
0.05063840001821518
0.021127058193087578
0.005900308955460787
-0.0008824148681014776
0.14193418622016907
-0.14678966999053955
0.1105683445930481
0.3144215941429138
-0.3075616657733917
0.23422099649906158
-0.16524392366409302
-0.03632291033864021
0.031178319826722145
-0.10645192116498947
0.12085491418838501
0.11347831785678864
-0.07501131296157837
0.006607633549720049
0.14178933203220367
0.10311102122068405
0.12567751109600067
-0.3223509192466736
0.07695209980010986
-0.05302990972995758
0.12023688852787018
-0.01394001953303814
0.3492656350135803
-0.24223336577415466
-0.508552610874176
-0.4889788329601288
0.3122340738773346
-0.052420228719711304
-0.48286280035972595
-0.08863451331853867
-0.11634530872106552
-0.2590843141078949
-0.04494403302669525
-0.06650960445404053
0.010121672414243221
-0.24674250185489655
-0.10312459617853165
0.48727574944496155
0.13257615268230438
-0.2074376940727234
-0.19553618133068085
0.16695503890514374
0.2994193434715271
-0.046528350561857224
-0.14910423755645752
-0.16988299787044525
-0.21602343022823334
-0.06430227309465408
0.2634409964084625
-0.6420924663543701
-0.013805289752781391
0.12364981323480606
-0.09162416309118271
0.35268107056617737
0.31117284297943115
-0.1310207098722458
-0.1125454530119896
-0.18918994069099426
0.20693010091781616
-0.15609566867351532
0.28125494718551636
-0.09167592227458954
-0.04219226539134979
0.1582021564245224
0.2802545726299286
-0.2874210774898529
-0.1400921791791916
-0.024755019694566727
-0.23153965175151825
0.18886540830135345
-0.4447535574436188
-0.1881009042263031
0.11425625532865524
0.02203671634197235
0.05558939650654793
0.19394677877426147
-0.11652283370494843
0.10868304967880249
-0.11461049318313599
-0.16499163210391998
0.16085919737815857
-0.24127981066703796
-0.07204023003578186
-0.5272459983825684
0.21093955636024475
-0.06511344760656357
-0.3552611768245697
0.020931309089064598
-0.09123607724905014
-0.3158268928527832
-0.2993079721927643
0.11752281337976456
-0.04763565585017204
-0.1715278923511505
0.04232661798596382
-0.20963090658187866
0.17984266579151154
-0.1590823382139206
-0.0836973786354065
0.1073228195309639
0.015058577992022038
-0.03951481357216835
-0.19356891512870789
-0.17041495442390442
-0.07178118079900742
-0.08464200049638748
0.08397778868675232
0.011732501909136772
0.23873412609100342
0.21607168018817902
0.1390441656112671
0.12037435173988342
-0.1516033560037613
-0.06275080889463425
0.11265920102596283
0.16601529717445374
0.26485544443130493
0.1397407054901123
-0.10715028643608093
0.029322996735572815
-0.21235407888889313
0.322071373462677
-0.21681350469589233
-0.10818929970264435
-0.1418413668870926
-0.011022745631635189
0.02133828029036522
0.2958322763442993
0.15306182205677032
0.004542028531432152
-0.24879510700702667
0.35638633370399475
0.17734922468662262
0.35623663663864136
-0.13074660301208496
-0.26140299439430237
-0.0603116974234581
-0.0070765698328614235
-0.12302513420581818
-0.28083792328834534
0.2969535291194916
-0.2763544023036957
-0.030152544379234314
-0.09092193841934204
-0.0491534024477005
0.1353931874036789
-0.049455102533102036
-0.018155960366129875
-0.20395983755588531
-0.4412311017513275
-0.22916218638420105
-0.1257224678993225
-0.049073003232479095
0.17018364369869232
-0.021396107971668243
-0.17544730007648468
0.018790636211633682
-0.04711247980594635
0.09552029520273209
0.34837692975997925
-0.09386993944644928
-0.4365810453891754
-0.0464467890560627
-0.1605907529592514
0.23786480724811554
-0.2615760266780853
0.07733406126499176
-0.2276277393102646
-0.08499080687761307
-0.06867700815200806
0.18859945237636566
0.051198773086071014
-0.07114366441965103
-0.38642755150794983
-0.022115642204880714
0.22952662408351898
-0.2391173094511032
0.0829724445939064
0.09940220415592194
-0.18645966053009033
-0.13551484048366547
0.15655194222927094
0.24869509041309357
0.21981991827487946
0.014779740013182163
-0.13902851939201355
-0.0993737280368805
0.1357126235961914
0.07102786004543304
0.02951168641448021
0.2139284610748291
-0.05058673769235611
-0.18783435225486755
-0.034353747963905334
-0.14840158820152283
-0.12971772253513336
-0.23129411041736603
-0.24306809902191162
-0.13584193587303162
0.0854303315281868
-0.00031099695479497313
0.14709018170833588
-0.1695624142885208
0.08499114215373993
-0.12229803204536438
0.09343761205673218
-0.04341335594654083
0.2955770790576935
0.183664008975029
-0.09711101651191711
0.5043020248413086
0.287170946598053
0.027428658679127693
-0.1994798183441162
0.3763572573661804
-0.3338674008846283
0.3751826286315918
0.3232371211051941
-0.25763291120529175
0.07578533887863159
0.022016286849975586
-0.19826622307300568
-0.13288013637065887
0.1297542154788971
0.04333436116576195
0.29308226704597473
0.10356726497411728
0.02536754496395588
0.007839823141694069
0.055581964552402496
0.2308616042137146
0.06387664377689362
0.4696766436100006
-0.036520231515169144
-0.22645919024944305
0.11138924956321716
-0.4874344766139984
0.11526737362146378
-0.1596851944923401
-0.5300370454788208
0.06406068801879883
-0.40335813164711
0.1672934740781784
-0.17002007365226746
0.044467706233263016
0.21302276849746704
-0.10344842821359634
0.24622663855552673
0.10962085425853729
-0.18891111016273499
-0.08410333096981049
-0.23713526129722595
0.228349506855011
0.09948162734508514
0.17371471226215363
-0.04314470663666725
0.14436064660549164
0.16457030177116394
0.017012884840369225
0.34611937403678894
0.37481266260147095
0.20723143219947815
0.1864735335111618
-0.11217376589775085
-0.03519130125641823
-0.12356255948543549
0.009912947192788124
0.264566034078598
-0.1800277978181839
-0.044159695506095886
-0.20696449279785156
-0.0752207413315773
-0.2583988606929779
0.018519805744290352
0.0033648600801825523
-0.3531462252140045
-0.14016418159008026
0.1546354591846466
-0.03862212225794792
0.37898656725883484
0.1958232820034027
-0.329448938369751
0.026258470490574837
0.32202649116516113
-0.4452556371688843
1.840367076511029e-05
0.03555501624941826
-0.2383224368095398
0.17825740575790405
-0.41713908314704895
0.3304166793823242
-0.4124096632003784
0.2430579662322998
-0.1461305469274521
-0.0848047286272049
0.15439635515213013
-0.1832982301712036
0.14736533164978027
-0.056140534579753876
-0.2173759788274765
-0.19208505749702454
0.03808113560080528
0.30422621965408325
0.040012940764427185
-0.0674746036529541
-0.052933353930711746
0.032589200884103775
0.22969365119934082
0.06819072365760803
-0.282394677400589
0.14780783653259277
-0.28456366062164307
-0.16133837401866913
0.0011259455932304263
0.1946917623281479
0.05866675078868866
-0.035718780010938644
0.1611064374446869
-0.1503937840461731
-0.22920630872249603
0.013716194778680801
0.2920319736003876
0.33936646580696106
0.0485973097383976
0.216512069106102
-0.3284093141555786
0.3236647844314575
-0.25481703877449036
0.00184761849232018
-0.17513184249401093
0.22584757208824158
-0.15915261209011078
0.24492311477661133
-0.05503968521952629
0.20059804618358612
-0.23690415918827057
-0.03804241120815277
0.5775664448738098
-0.030605550855398178
0.34787946939468384
0.18339596688747406
-0.34350913763046265
-0.3495604693889618
0.1784837692975998
-0.48411086201667786
-0.014257898554205894
0.20088498294353485
-0.12504492700099945
0.10803678631782532
-0.0047775572165846825
-0.20033249258995056
-0.24026624858379364
0.1248229518532753
0.20698414742946625
0.16699206829071045
0.07197754085063934
0.34374216198921204
0.19817818701267242
0.0884045958518982
-0.18698443472385406
-0.01664343662559986
-0.031098200008273125
0.3003014922142029
-0.17128418385982513
0.11259343475103378
0.010277717374265194
-0.14886485040187836
-0.13530763983726501
0.39855125546455383
0.5882807970046997
0.13499997556209564
-0.42197686433792114
-0.26918137073516846
0.257503867149353
-0.08081033080816269
-0.029784386977553368
-0.32230010628700256
0.25094977021217346
0.23861631751060486
-0.003648442216217518
0.1452818363904953
-0.023731103166937828
0.17903320491313934
0.3398066759109497
0.2355179786682129
0.20039822161197662
0.28094375133514404
0.027410024777054787
0.06611398607492447
-0.06982114911079407
0.09524717926979065
0.15423208475112915
-0.4210335910320282
-0.0007819776074029505
0.15628854930400848
-0.2506488859653473
0.15679669380187988
0.10143894702196121
-0.10234963893890381
0.016715748235583305
-0.3450174331665039
-0.011814055033028126
-0.07462446391582489
-0.04754583165049553
-0.0687708854675293
0.17181740701198578
-0.13315141201019287
0.18023523688316345
0.33178219199180603
0.1901760697364807
0.0005568981869146228
0.03021840937435627
-0.02508535422384739
0.4396637976169586
-0.24551108479499817
