-0.24607393145561218
0.01426598522812128
0.08279044181108475
0.04194754734635353
-0.0058966088108718395
-0.05664186179637909
0.023671509698033333
0.017351625487208366
0.003337533911690116
0.07284843176603317
-0.05884736403822899
-0.017885293811559677
0.04541415348649025
0.061014529317617416
0.013218597508966923
-0.13732688128948212
0.3449138104915619
-0.0852898433804512
-0.027517687529325485
0.06616658717393875
0.006623465102165937
0.0014171606162562966
-0.02921672724187374
0.1803903877735138
-0.03695176914334297
-0.013765953481197357
-0.03949786722660065
-0.1041550263762474
0.019717631861567497
-0.055440083146095276
-0.013298793695867062
0.07795265316963196
